sample_index,backend,mode,run_id,target_norm,prediction_norm,residual_norm
1625,px4,POSCTL,20260411_013608_px4_manual_sweep_roll_r1,1.5609993044099335,1.5594687532190061,0.0029959477633930945
1626,px4,POSCTL,20260411_013608_px4_manual_sweep_roll_r1,1.5610414578782699,1.5594899528159558,0.003027035410989245
1627,px4,POSCTL,20260411_013608_px4_manual_sweep_roll_r1,1.5610865691721993,1.5595410686222533,0.0028735176598027215
1628,px4,POSCTL,20260411_013608_px4_manual_sweep_roll_r1,1.5611708111070657,1.5596052666550098,0.0028285425575313577
1629,px4,POSCTL,20260411_013608_px4_manual_sweep_roll_r1,1.5611819810828051,1.5596681293174373,0.0028911880435501134
1630,px4,POSCTL,20260411_013608_px4_manual_sweep_roll_r1,1.561192896426008,1.5597920542950323,0.0026627304786489884
1631,px4,POSCTL,20260411_013608_px4_manual_sweep_roll_r1,1.5611531761896786,1.5598261448200617,0.0026371280577168754
1632,px4,POSCTL,20260411_013608_px4_manual_sweep_roll_r1,1.561119469989609,1.5598451895434906,0.0025742087132372585
1633,px4,POSCTL,20260411_013608_px4_manual_sweep_roll_r1,1.5611483139461488,1.5597948827034256,0.002770335268275777
1634,px4,POSCTL,20260411_013608_px4_manual_sweep_roll_r1,1.561185754692045,1.5597198851194147,0.0027439080985717725
1635,px4,POSCTL,20260411_013608_px4_manual_sweep_roll_r1,1.5611877102368732,1.5596893629675412,0.0026415991501530286
1636,px4,POSCTL,20260411_013608_px4_manual_sweep_roll_r1,1.5611828836978212,1.5596952219719924,0.0026177297957562795
1637,px4,POSCTL,20260411_013608_px4_manual_sweep_roll_r1,1.5612337487849464,1.5596603983795605,0.002906657813475848
1638,px4,POSCTL,20260411_013608_px4_manual_sweep_roll_r1,1.5611794761041349,1.5596076014829559,0.0027977941139588408
1639,px4,POSCTL,20260411_013608_px4_manual_sweep_roll_r1,1.561130445826221,1.559617050834576,0.0026743822830722257
1640,px4,POSCTL,20260411_013608_px4_manual_sweep_roll_r1,1.5611790556332021,1.559521304991755,0.002733069958889227
1641,px4,POSCTL,20260411_013608_px4_manual_sweep_roll_r1,1.5612143039658335,1.5593959160933646,0.003057267670710708
1642,px4,POSCTL,20260411_013608_px4_manual_sweep_roll_r1,1.5611737526309621,1.5593836094952112,0.0029985736756829714
1643,px4,POSCTL,20260411_013608_px4_manual_sweep_roll_r1,1.5611590092045018,1.5593374249723047,0.0030693107407230766
1644,px4,POSCTL,20260411_013608_px4_manual_sweep_roll_r1,1.5611321686903825,1.55923728725903,0.003222260204544873
1645,px4,POSCTL,20260411_013608_px4_manual_sweep_roll_r1,1.5610979881899725,1.5591589584671603,0.0031192556138373738
1646,px4,POSCTL,20260411_013608_px4_manual_sweep_roll_r1,1.5610137346762778,1.5590705294100564,0.0031084289807123996
1647,px4,POSCTL,20260411_013608_px4_manual_sweep_roll_r1,1.5608757277663412,1.5589899869997677,0.003323288991386186
1648,px4,POSCTL,20260411_013608_px4_manual_sweep_roll_r1,1.560824387036531,1.5588372918306983,0.003153155282284038
1649,px4,POSCTL,20260411_013608_px4_manual_sweep_roll_r1,1.5608100021580258,1.5586347674209653,0.0034109582994497943
1650,px4,POSCTL,20260411_013608_px4_manual_sweep_roll_r1,1.5607679679953048,1.5585407670427414,0.0035959974905870264
1651,px4,POSCTL,20260411_013608_px4_manual_sweep_roll_r1,1.5607940219807053,1.5584993983605804,0.0034704230616746136
1652,px4,POSCTL,20260411_013608_px4_manual_sweep_roll_r1,1.5608289423503663,1.5584210163418242,0.0034350854195873658
1653,px4,POSCTL,20260411_013608_px4_manual_sweep_roll_r1,1.5608805813313642,1.5583820682975393,0.0034977390220129333
1654,px4,POSCTL,20260411_013608_px4_manual_sweep_roll_r1,1.5608914755725216,1.5583823301288693,0.0035446078914036306
1655,px4,POSCTL,20260411_013608_px4_manual_sweep_roll_r1,1.5608992667155268,1.5583803381416135,0.0036058541650643323
1656,px4,POSCTL,20260411_013608_px4_manual_sweep_roll_r1,1.5609058088352026,1.5584463157622128,0.003580101264834955
1657,px4,POSCTL,20260411_013608_px4_manual_sweep_roll_r1,1.5610152084885671,1.5585115239052099,0.003565058195853187
1658,px4,POSCTL,20260411_013608_px4_manual_sweep_roll_r1,1.56114142823377,1.5585450987644016,0.0034026379002007503
1659,px4,POSCTL,20260411_013608_px4_manual_sweep_roll_r1,1.5613075284146678,1.55865038815879,0.0035595249456719354
1660,px4,POSCTL,20260411_013608_px4_manual_sweep_roll_r1,1.561419840296526,1.5587598758359102,0.003715882264447512
1661,px4,POSCTL,20260411_013608_px4_manual_sweep_roll_r1,1.5616342990474168,1.5588887781427776,0.003766997854128638
1662,px4,POSCTL,20260411_013608_px4_manual_sweep_roll_r1,1.5617837900355491,1.5589990660017725,0.00371380210944616
1663,px4,POSCTL,20260411_013608_px4_manual_sweep_roll_r1,1.5619228105795548,1.559138737808593,0.003714838354958032
1664,px4,POSCTL,20260411_013608_px4_manual_sweep_roll_r1,1.5620007542448406,1.559250692353821,0.0037674576995288113
1665,px4,POSCTL,20260411_013608_px4_manual_sweep_roll_r1,1.5621090647584026,1.5593685405522546,0.0037657208815629383
1666,px4,POSCTL,20260411_013608_px4_manual_sweep_roll_r1,1.5621386397164827,1.5594412391113894,0.003716639791279594
1667,px4,POSCTL,20260411_013608_px4_manual_sweep_roll_r1,1.5621415722137444,1.5595161751072069,0.0036452849457326553
1668,px4,POSCTL,20260411_013608_px4_manual_sweep_roll_r1,1.5621025206274761,1.559545862644149,0.0036183349535670274
1669,px4,POSCTL,20260411_013608_px4_manual_sweep_roll_r1,1.5620613967347938,1.5595341638648443,0.0036163956725117808
1670,px4,POSCTL,20260411_013608_px4_manual_sweep_roll_r1,1.5620244616414765,1.5594927766781155,0.003566262945814118
1671,px4,POSCTL,20260411_013608_px4_manual_sweep_roll_r1,1.5619278083153194,1.559458666841592,0.0035859457219416593
1672,px4,POSCTL,20260411_013608_px4_manual_sweep_roll_r1,1.5619193118487913,1.5594101847396546,0.0036593779675907195
1673,px4,POSCTL,20260411_013608_px4_manual_sweep_roll_r1,1.5619262683816972,1.559317759473426,0.003530035007637269
1674,px4,POSCTL,20260411_013608_px4_manual_sweep_roll_r1,1.56199964764051,1.559304670582652,0.003652759889713149
1675,px4,POSCTL,20260411_013608_px4_manual_sweep_roll_r1,1.5621255144819288,1.5592990222904068,0.003874905285852828
1676,px4,POSCTL,20260411_013608_px4_manual_sweep_roll_r1,1.5622504369607777,1.5593059968032619,0.003976555603366705
1677,px4,POSCTL,20260411_013608_px4_manual_sweep_roll_r1,1.5623291288517465,1.5595138105587094,0.0037948252925806654
1678,px4,POSCTL,20260411_013608_px4_manual_sweep_roll_r1,1.5623894657648967,1.559639447151963,0.0036371054207376564
1679,px4,POSCTL,20260411_013608_px4_manual_sweep_roll_r1,1.562559814953671,1.5597156083388908,0.003854282524627846
1680,px4,POSCTL,20260411_013608_px4_manual_sweep_roll_r1,1.56266150962494,1.5597465066868288,0.003914840487317333
1681,px4,POSCTL,20260411_013608_px4_manual_sweep_roll_r1,1.5628390914189367,1.5598800536748487,0.003874422818864201
1682,px4,POSCTL,20260411_013608_px4_manual_sweep_roll_r1,1.5630115346706581,1.5599555372423968,0.004037174456828759
1683,px4,POSCTL,20260411_013608_px4_manual_sweep_roll_r1,1.5632292658814015,1.5600766444729623,0.004025877056782161
1684,px4,POSCTL,20260411_013608_px4_manual_sweep_roll_r1,1.5634285677802553,1.5602356802464188,0.004005396010467332
1685,px4,POSCTL,20260411_013608_px4_manual_sweep_roll_r1,1.5636548293125223,1.560391972381722,0.004113786455653405
1686,px4,POSCTL,20260411_013608_px4_manual_sweep_roll_r1,1.5638917427846901,1.560541759774428,0.004272463324052858
1687,px4,POSCTL,20260411_013608_px4_manual_sweep_roll_r1,1.5642051811459172,1.5606923222905236,0.004392212511458411
1688,px4,POSCTL,20260411_013608_px4_manual_sweep_roll_r1,1.5643651440789919,1.5608690342300675,0.004339254207345848
1689,px4,POSCTL,20260411_013608_px4_manual_sweep_roll_r1,1.5645020889809078,1.5610648121211452,0.004280381823401147
1690,px4,POSCTL,20260411_013608_px4_manual_sweep_roll_r1,1.5645904521053247,1.56121825022923,0.004217997495389612
1691,px4,POSCTL,20260411_013608_px4_manual_sweep_roll_r1,1.564687040524096,1.5613162668499152,0.0042438994864328365
1692,px4,POSCTL,20260411_013608_px4_manual_sweep_roll_r1,1.5647359423183198,1.561378557647092,0.004116724234336176
1693,px4,POSCTL,20260411_013608_px4_manual_sweep_roll_r1,1.5647528017912071,1.5614629125031467,0.004200875641699741
1694,px4,POSCTL,20260411_013608_px4_manual_sweep_roll_r1,1.5648261171924407,1.5614960011747832,0.004180200765473681
1695,px4,POSCTL,20260411_013608_px4_manual_sweep_roll_r1,1.5649651863468916,1.5615022129316645,0.004426728661214453
1696,px4,POSCTL,20260411_013608_px4_manual_sweep_roll_r1,1.5650672598650783,1.5615765391971181,0.004418655264596645
1697,px4,POSCTL,20260411_013608_px4_manual_sweep_roll_r1,1.5651822639886643,1.5617131298457987,0.004376522959347522
1698,px4,POSCTL,20260411_013608_px4_manual_sweep_roll_r1,1.565274405210921,1.5618047443242773,0.00438005902960321
1699,px4,POSCTL,20260411_013608_px4_manual_sweep_roll_r1,1.5653171824790695,1.5619332228348122,0.004250947598766646
1700,px4,POSCTL,20260411_013608_px4_manual_sweep_roll_r1,1.565350269957188,1.5620541001999673,0.004142973786779433
1701,px4,POSCTL,20260411_013608_px4_manual_sweep_roll_r1,1.5653510483191304,1.5620987768867878,0.004150608537242367
1702,px4,POSCTL,20260411_013608_px4_manual_sweep_roll_r1,1.565411027520923,1.5622172614348566,0.004137012367130689
1703,px4,POSCTL,20260411_013608_px4_manual_sweep_roll_r1,1.5655294882172572,1.5622694749506512,0.004198726062640794
1704,px4,POSCTL,20260411_013608_px4_manual_sweep_roll_r1,1.5656252864900966,1.5623915848123928,0.004051716798378844
1705,px4,POSCTL,20260411_013608_px4_manual_sweep_roll_r1,1.5658110107706202,1.5625544832107305,0.004114915329715763
1706,px4,POSCTL,20260411_013608_px4_manual_sweep_roll_r1,1.5659117234856308,1.5626891985611713,0.004035852050942932
1707,px4,POSCTL,20260411_013608_px4_manual_sweep_roll_r1,1.5660263354086421,1.5628689542738732,0.003948341039957165
1708,px4,POSCTL,20260411_013608_px4_manual_sweep_roll_r1,1.566003617059301,1.5629610420734266,0.003839998640054605
1709,px4,POSCTL,20260411_013608_px4_manual_sweep_roll_r1,1.5659582737533746,1.5630550328378023,0.0036954762569519767
1710,px4,POSCTL,20260411_013608_px4_manual_sweep_roll_r1,1.5659207941559634,1.5629726720146182,0.0036781532811789933
1711,px4,POSCTL,20260411_013608_px4_manual_sweep_roll_r1,1.5658777810806164,1.5628673740257715,0.0038213723248743184
1712,px4,POSCTL,20260411_013608_px4_manual_sweep_roll_r1,1.5658216011646084,1.562763842461548,0.0038731696325385624
1713,px4,POSCTL,20260411_013608_px4_manual_sweep_roll_r1,1.5657647506212717,1.5627106298448536,0.003840882121100204
1714,px4,POSCTL,20260411_013608_px4_manual_sweep_roll_r1,1.565740223062458,1.5626700980076451,0.004042746666406706
1715,px4,POSCTL,20260411_013608_px4_manual_sweep_roll_r1,1.56570167406977,1.562644005241111,0.003865817878211189
1716,px4,POSCTL,20260411_013608_px4_manual_sweep_roll_r1,1.5657119833313404,1.5626577530953711,0.003822093500329722
1717,px4,POSCTL,20260411_013608_px4_manual_sweep_roll_r1,1.565829070431042,1.5626139930772787,0.003988384659536979
1718,px4,POSCTL,20260411_013608_px4_manual_sweep_roll_r1,1.5659839071411044,1.5626818313833322,0.004085838906180663
1719,px4,POSCTL,20260411_013608_px4_manual_sweep_roll_r1,1.5662150062048443,1.56293977985104,0.004017819729216978
1720,px4,POSCTL,20260411_013608_px4_manual_sweep_roll_r1,1.5665219640485541,1.5631965083460524,0.004031219313886537
1721,px4,POSCTL,20260411_013608_px4_manual_sweep_roll_r1,1.5669556172963823,1.563448783747837,0.004339992449229439
1722,px4,POSCTL,20260411_013608_px4_manual_sweep_roll_r1,1.5672207982549868,1.5639152455741512,0.005597170126597942
1723,px4,POSCTL,20260411_013608_px4_manual_sweep_roll_r1,1.567450261781829,1.5654352418905273,0.014510219465437244
1724,px4,POSCTL,20260411_013608_px4_manual_sweep_roll_r1,1.5674279488086302,1.5670497782675712,0.026394533466878943
1725,px4,POSCTL,20260411_013608_px4_manual_sweep_roll_r1,1.5673140276491475,1.5699551866071686,0.023247302481091046
1726,px4,POSCTL,20260411_013608_px4_manual_sweep_roll_r1,1.5669810711045913,1.573908803556656,0.019298087087476358
1727,px4,POSCTL,20260411_013608_px4_manual_sweep_roll_r1,1.5664228179096544,1.5758900344432947,0.017687947940757277
1728,px4,POSCTL,20260411_013608_px4_manual_sweep_roll_r1,1.565753001153091,1.5791454494720336,0.016220118206831904
1729,px4,POSCTL,20260411_013608_px4_manual_sweep_roll_r1,1.564551835562497,1.5817906059868032,0.018183031382249384
1730,px4,POSCTL,20260411_013608_px4_manual_sweep_roll_r1,1.5632998287168531,1.5831485816343596,0.021493895479061075
1731,px4,POSCTL,20260411_013608_px4_manual_sweep_roll_r1,1.5623225019845899,1.5831453756974678,0.022495635958468024
1732,px4,POSCTL,20260411_013608_px4_manual_sweep_roll_r1,1.5614844843673343,1.5824504212241075,0.022426112627737117
1733,px4,POSCTL,20260411_013608_px4_manual_sweep_roll_r1,1.5604790429784199,1.581741473602825,0.023475365868134795
1734,px4,POSCTL,20260411_013608_px4_manual_sweep_roll_r1,1.5597999123796662,1.5807144411770908,0.02343498468070491
1735,px4,POSCTL,20260411_013608_px4_manual_sweep_roll_r1,1.5591220346332666,1.579255725480339,0.02208269877111455
1736,px4,POSCTL,20260411_013608_px4_manual_sweep_roll_r1,1.5585392800813618,1.5780902079512091,0.020947281971552285
1737,px4,POSCTL,20260411_013608_px4_manual_sweep_roll_r1,1.5578856482338719,1.5767036857272032,0.01986192366291302
1738,px4,POSCTL,20260411_013608_px4_manual_sweep_roll_r1,1.557445894141548,1.575636806675822,0.019102156655388527
1739,px4,POSCTL,20260411_013608_px4_manual_sweep_roll_r1,1.5570265521125968,1.574054898890779,0.01787655738771188
1740,px4,POSCTL,20260411_013608_px4_manual_sweep_roll_r1,1.556676568422309,1.5730526942280392,0.01727715495692268
1741,px4,POSCTL,20260411_013608_px4_manual_sweep_roll_r1,1.5563566914411775,1.5719463966664151,0.016530192541223385
1742,px4,POSCTL,20260411_013608_px4_manual_sweep_roll_r1,1.5559769041734148,1.5709030042192837,0.016093723866479583
1743,px4,POSCTL,20260411_013608_px4_manual_sweep_roll_r1,1.5557543312246802,1.56988406283547,0.015296508865641469
1744,px4,POSCTL,20260411_013608_px4_manual_sweep_roll_r1,1.5555632255659637,1.5686789004087731,0.014175467166283104
1745,px4,POSCTL,20260411_013608_px4_manual_sweep_roll_r1,1.555450408958693,1.5679160321310484,0.013703825647628492
1746,px4,POSCTL,20260411_013608_px4_manual_sweep_roll_r1,1.5554239212277272,1.567063471989418,0.013139383043274718
1747,px4,POSCTL,20260411_013608_px4_manual_sweep_roll_r1,1.555389842632454,1.5662640699303163,0.012199068973599339
1748,px4,POSCTL,20260411_013608_px4_manual_sweep_roll_r1,1.555502128262882,1.565327250645136,0.010858583950929689
1749,px4,POSCTL,20260411_013608_px4_manual_sweep_roll_r1,1.5556921348617498,1.5646661216756599,0.009805883403165258
1750,px4,POSCTL,20260411_013608_px4_manual_sweep_roll_r1,1.5559256560431274,1.5642045010234777,0.008963731677727429
1751,px4,POSCTL,20260411_013608_px4_manual_sweep_roll_r1,1.5560434102037657,1.5636659726620032,0.008264737030176918
1752,px4,POSCTL,20260411_013608_px4_manual_sweep_roll_r1,1.5562585709729553,1.5634524046481368,0.007589966679031531
1753,px4,POSCTL,20260411_013608_px4_manual_sweep_roll_r1,1.5565677203183448,1.5632907086933363,0.007025506076011702
1754,px4,POSCTL,20260411_013608_px4_manual_sweep_roll_r1,1.5568072516312463,1.5629976452277645,0.0065564109241606034
1755,px4,POSCTL,20260411_013608_px4_manual_sweep_roll_r1,1.5570708903981179,1.5628960526084634,0.006240060697624064
1756,px4,POSCTL,20260411_013608_px4_manual_sweep_roll_r1,1.5572836219816864,1.5628091089021048,0.0059716042123810304
1757,px4,POSCTL,20260411_013608_px4_manual_sweep_roll_r1,1.5573508418123616,1.5628294242677618,0.005929871253410997
1758,px4,POSCTL,20260411_013608_px4_manual_sweep_roll_r1,1.557377123132547,1.5628778849552154,0.005841286842203105
1759,px4,POSCTL,20260411_013608_px4_manual_sweep_roll_r1,1.5576798172239106,1.5627860314000974,0.005503043834200577
1760,px4,POSCTL,20260411_013608_px4_manual_sweep_roll_r1,1.557928856892295,1.5626975156875542,0.0052114341902998115
1761,px4,POSCTL,20260411_013608_px4_manual_sweep_roll_r1,1.5583191609452243,1.5628266107157651,0.0050133742953647874
1762,px4,POSCTL,20260411_013608_px4_manual_sweep_roll_r1,1.5589891506738953,1.5630043594668546,0.004477008181437256
1763,px4,POSCTL,20260411_013608_px4_manual_sweep_roll_r1,1.559577781039275,1.5632931557733434,0.0042265684694645
1764,px4,POSCTL,20260411_013608_px4_manual_sweep_roll_r1,1.5602911636842476,1.5638070200580487,0.004106891173246193
1765,px4,POSCTL,20260411_013608_px4_manual_sweep_roll_r1,1.5609864534097089,1.5642669274239045,0.004033818381111364
1766,px4,POSCTL,20260411_013608_px4_manual_sweep_roll_r1,1.561436230034504,1.5647797254423028,0.00418403695551398
1767,px4,POSCTL,20260411_013608_px4_manual_sweep_roll_r1,1.5619335076386263,1.5652789640742226,0.00390921846287424
1768,px4,POSCTL,20260411_013608_px4_manual_sweep_roll_r1,1.5624810313383632,1.5656346105885341,0.00373950492279419
1769,px4,POSCTL,20260411_013608_px4_manual_sweep_roll_r1,1.5631006799174414,1.5659952186458899,0.003821766234354682
1770,px4,POSCTL,20260411_013608_px4_manual_sweep_roll_r1,1.5635414905819087,1.5664487164163454,0.004051421076522086
1771,px4,POSCTL,20260411_013608_px4_manual_sweep_roll_r1,1.56357840070925,1.5669328064236823,0.004425458214306582
1772,px4,POSCTL,20260411_013608_px4_manual_sweep_roll_r1,1.5634745771319416,1.5673084578044185,0.004732101740461813
1773,px4,POSCTL,20260411_013608_px4_manual_sweep_roll_r1,1.5633205568819668,1.5673317806453466,0.0049227925065928775
1774,px4,POSCTL,20260411_013608_px4_manual_sweep_roll_r1,1.5632351059615732,1.5672016650398721,0.00485874349362154
1775,px4,POSCTL,20260411_013608_px4_manual_sweep_roll_r1,1.5630697250486452,1.566967283075017,0.004703464516363178
1776,px4,POSCTL,20260411_013608_px4_manual_sweep_roll_r1,1.5628644423844635,1.5668058515411196,0.0047616559719066125
1777,px4,POSCTL,20260411_013608_px4_manual_sweep_roll_r1,1.5626026381001528,1.5665120003209219,0.005050501760237369
1778,px4,POSCTL,20260411_013608_px4_manual_sweep_roll_r1,1.5622774359557305,1.5661835808909776,0.0052627869992275915
1779,px4,POSCTL,20260411_013608_px4_manual_sweep_roll_r1,1.5620306803898893,1.5657986613953958,0.005150322755661065
1780,px4,POSCTL,20260411_013608_px4_manual_sweep_roll_r1,1.5618041890623722,1.5653328493278742,0.004822707443652947
1781,px4,POSCTL,20260411_013608_px4_manual_sweep_roll_r1,1.561612265565657,1.5650031602849344,0.004605720811781981
1782,px4,POSCTL,20260411_013608_px4_manual_sweep_roll_r1,1.5612979363319122,1.5647547479538328,0.00489942501580221
1783,px4,POSCTL,20260411_013608_px4_manual_sweep_roll_r1,1.5609076472565668,1.564492952151299,0.005169411249770173
1784,px4,POSCTL,20260411_013608_px4_manual_sweep_roll_r1,1.560662346051108,1.5640940218766977,0.004767222917219725
1785,px4,POSCTL,20260411_013608_px4_manual_sweep_roll_r1,1.5603374045281941,1.563598968605154,0.004535293743733154
1786,px4,POSCTL,20260411_013608_px4_manual_sweep_roll_r1,1.5600483043224076,1.5632995754453165,0.004466809625877173
1787,px4,POSCTL,20260411_013608_px4_manual_sweep_roll_r1,1.559785897141829,1.5628669490186335,0.0047312778510940805
1788,px4,POSCTL,20260411_013608_px4_manual_sweep_roll_r1,1.5597098607785431,1.5624708012577815,0.005075553952314914
1789,px4,POSCTL,20260411_013608_px4_manual_sweep_roll_r1,1.5597010910145168,1.5620238395133197,0.004708813854733281
1790,px4,POSCTL,20260411_013608_px4_manual_sweep_roll_r1,1.5597589184911045,1.5617136208537719,0.004564236146401605
1791,px4,POSCTL,20260411_013608_px4_manual_sweep_roll_r1,1.5598970855467487,1.5615353852798795,0.004468785301766795
1792,px4,POSCTL,20260411_013608_px4_manual_sweep_roll_r1,1.5599752735380552,1.5613718368576754,0.004159937067602458
1793,px4,POSCTL,20260411_013608_px4_manual_sweep_roll_r1,1.560077850494342,1.5612779607492417,0.004206571422495295
1794,px4,POSCTL,20260411_013608_px4_manual_sweep_roll_r1,1.5600725644474318,1.5612036599112062,0.0040110545096951585
1795,px4,POSCTL,20260411_013608_px4_manual_sweep_roll_r1,1.5599819336633853,1.5610486944950097,0.003956777013100333
1796,px4,POSCTL,20260411_013608_px4_manual_sweep_roll_r1,1.5598683643273843,1.5607863889102225,0.00404208563787239
1797,px4,POSCTL,20260411_013608_px4_manual_sweep_roll_r1,1.55975539469823,1.5604760096833876,0.004278742166597156
1798,px4,POSCTL,20260411_013608_px4_manual_sweep_roll_r1,1.5596570844536497,1.5602540840572738,0.004063144596702002
1799,px4,POSCTL,20260411_013608_px4_manual_sweep_roll_r1,1.559552930385132,1.5597482357497499,0.004141464879080503
1800,px4,POSCTL,20260411_013608_px4_manual_sweep_roll_r1,1.5594763922020292,1.5594969858540764,0.004590407168060321
1801,px4,POSCTL,20260411_013608_px4_manual_sweep_roll_r1,1.5595858352020184,1.5592561139575547,0.004577759120473676
1802,px4,POSCTL,20260411_013608_px4_manual_sweep_roll_r1,1.559747158718233,1.5589723410416512,0.004603056982855744
1803,px4,POSCTL,20260411_013608_px4_manual_sweep_roll_r1,1.5599503343758756,1.5588920245878999,0.00461770521374044
1804,px4,POSCTL,20260411_013608_px4_manual_sweep_roll_r1,1.5600617508116632,1.5587686334644482,0.0045490568069744145
1805,px4,POSCTL,20260411_013608_px4_manual_sweep_roll_r1,1.5601835002388151,1.558571312864828,0.004507199852765237
1806,px4,POSCTL,20260411_013608_px4_manual_sweep_roll_r1,1.56021529738377,1.5584536335070736,0.004314584253060854
1807,px4,POSCTL,20260411_013608_px4_manual_sweep_roll_r1,1.5601482015109587,1.5582459253068082,0.004290906927300927
1808,px4,POSCTL,20260411_013608_px4_manual_sweep_roll_r1,1.5600541680191655,1.5579535861577225,0.004259108232449342
1809,px4,POSCTL,20260411_013608_px4_manual_sweep_roll_r1,1.5599740351789475,1.5575093404615348,0.004265517710554062
1810,px4,POSCTL,20260411_013608_px4_manual_sweep_roll_r1,1.5598488702663047,1.5570823937102498,0.0043652070662671605
1811,px4,POSCTL,20260411_013608_px4_manual_sweep_roll_r1,1.559822537621455,1.5567628453162898,0.004460807113883165
1812,px4,POSCTL,20260411_013608_px4_manual_sweep_roll_r1,1.5597839546957892,1.5564095075078057,0.0047050679643142876
1813,px4,POSCTL,20260411_013608_px4_manual_sweep_roll_r1,1.5597150016799053,1.5562643200637252,0.004797053992045345
1814,px4,POSCTL,20260411_013608_px4_manual_sweep_roll_r1,1.5596376081487178,1.5561591089977587,0.004970631017197924
1815,px4,POSCTL,20260411_013608_px4_manual_sweep_roll_r1,1.5595275364627743,1.5560317862770296,0.005110615020424599
1816,px4,POSCTL,20260411_013608_px4_manual_sweep_roll_r1,1.5594871520386164,1.5559432853791186,0.0051921717939243765
1817,px4,POSCTL,20260411_013608_px4_manual_sweep_roll_r1,1.5595639397285328,1.5558868842781584,0.005399752897265469
1818,px4,POSCTL,20260411_013608_px4_manual_sweep_roll_r1,1.5595945888824922,1.5558823279051839,0.005817071240511181
1819,px4,POSCTL,20260411_013608_px4_manual_sweep_roll_r1,1.559608573275227,1.5560990061164832,0.00596638736350334
1820,px4,POSCTL,20260411_013608_px4_manual_sweep_roll_r1,1.559613091643773,1.5562781822914797,0.006260762696415722
1821,px4,POSCTL,20260411_013608_px4_manual_sweep_roll_r1,1.5595140812236592,1.55642166161953,0.0065010885366867934
1822,px4,POSCTL,20260411_013608_px4_manual_sweep_roll_r1,1.5594672035008832,1.556592930879461,0.00666950426914718
1823,px4,POSCTL,20260411_013608_px4_manual_sweep_roll_r1,1.5595299495175088,1.5566038097923536,0.006880625546324782
1824,px4,POSCTL,20260411_013608_px4_manual_sweep_roll_r1,1.5596659855727657,1.5567150757438841,0.006855494834452885
1825,px4,POSCTL,20260411_013608_px4_manual_sweep_roll_r1,1.5597816471959054,1.5569058319455977,0.0066247573373371125
1826,px4,POSCTL,20260411_013608_px4_manual_sweep_roll_r1,1.559970916036523,1.5571192690715903,0.006607572054948946
1827,px4,POSCTL,20260411_013608_px4_manual_sweep_roll_r1,1.5601355726367152,1.5573848763625653,0.0066021919712765395
1828,px4,POSCTL,20260411_013608_px4_manual_sweep_roll_r1,1.5602965960503605,1.5577786764687662,0.0062500622706998
1829,px4,POSCTL,20260411_013608_px4_manual_sweep_roll_r1,1.5605983625731694,1.5581254916841711,0.00596280824276342
1830,px4,POSCTL,20260411_013608_px4_manual_sweep_roll_r1,1.560917703811836,1.5584782465146982,0.00554975586087846
1831,px4,POSCTL,20260411_013608_px4_manual_sweep_roll_r1,1.5611307529872107,1.5590177317025438,0.005047543449635407
1832,px4,POSCTL,20260411_013608_px4_manual_sweep_roll_r1,1.5615139210403035,1.5594713319560565,0.004486212071165898
1833,px4,POSCTL,20260411_013608_px4_manual_sweep_roll_r1,1.5616177464520993,1.559898037484524,0.0035898485545723994
1834,px4,POSCTL,20260411_013608_px4_manual_sweep_roll_r1,1.5615753106147123,1.560506112478869,0.002235488230883531
1835,px4,POSCTL,20260411_013608_px4_manual_sweep_roll_r1,1.5614289458407193,1.560426541713824,0.004581773392925897
1836,px4,POSCTL,20260411_013608_px4_manual_sweep_roll_r1,1.5610620411703513,1.5590555034966103,0.005693311889443113
1837,px4,POSCTL,20260411_013608_px4_manual_sweep_roll_r1,1.560658786197653,1.557772262192625,0.005712423699098164
1838,px4,POSCTL,20260411_013608_px4_manual_sweep_roll_r1,1.559987908179236,1.5562834711529037,0.005173767826096433
1839,px4,POSCTL,20260411_013608_px4_manual_sweep_roll_r1,1.5590084457022855,1.5557158849268078,0.004941773624912458
1840,px4,POSCTL,20260411_013608_px4_manual_sweep_roll_r1,1.558022232772608,1.555013629848861,0.005134643631397197
1841,px4,POSCTL,20260411_013608_px4_manual_sweep_roll_r1,1.5571270894247122,1.5542289192965304,0.004888525108976701
1842,px4,POSCTL,20260411_013608_px4_manual_sweep_roll_r1,1.5564251365888047,1.5535145177405811,0.004338262928454009
1843,px4,POSCTL,20260411_013608_px4_manual_sweep_roll_r1,1.5555533711535305,1.5528971818390682,0.003915641235884873
1844,px4,POSCTL,20260411_013608_px4_manual_sweep_roll_r1,1.555166747771817,1.5524107679203503,0.003257358789237454
1845,px4,POSCTL,20260411_013608_px4_manual_sweep_roll_r1,1.5547288837413784,1.5519815729476292,0.003113058677067921
1846,px4,POSCTL,20260411_013608_px4_manual_sweep_roll_r1,1.5545632037753827,1.5517925868286797,0.0037697819544631073
1847,px4,POSCTL,20260411_013608_px4_manual_sweep_roll_r1,1.5543337911624509,1.5514804727733782,0.004180794178775605
1848,px4,POSCTL,20260411_013608_px4_manual_sweep_roll_r1,1.5542004469392872,1.551271848488017,0.004856937554470425
1849,px4,POSCTL,20260411_013608_px4_manual_sweep_roll_r1,1.5543873141391382,1.5509755842764992,0.005440667482966237
1850,px4,POSCTL,20260411_013608_px4_manual_sweep_roll_r1,1.5545986373681058,1.550784130227321,0.005322026239044363
1851,px4,POSCTL,20260411_013608_px4_manual_sweep_roll_r1,1.5546728522529383,1.5509423526288835,0.004615862571707813
1852,px4,POSCTL,20260411_013608_px4_manual_sweep_roll_r1,1.5546072315402604,1.5511566940541248,0.0041521349972404855
1853,px4,POSCTL,20260411_013608_px4_manual_sweep_roll_r1,1.5544920467451233,1.5512610511486498,0.0038818705143445773
1854,px4,POSCTL,20260411_013608_px4_manual_sweep_roll_r1,1.5544142124603078,1.5511931236739152,0.003758441035513639
1855,px4,POSCTL,20260411_013608_px4_manual_sweep_roll_r1,1.5543913938455172,1.5510626546064636,0.003886574683077633
1856,px4,POSCTL,20260411_013608_px4_manual_sweep_roll_r1,1.5544333841788542,1.5509566900193226,0.004162621998445087
1857,px4,POSCTL,20260411_013608_px4_manual_sweep_roll_r1,1.5544831042809104,1.5509186911446575,0.004531706376084643
1858,px4,POSCTL,20260411_013608_px4_manual_sweep_roll_r1,1.554606788860369,1.5509434342561248,0.004932363914046009
1859,px4,POSCTL,20260411_013608_px4_manual_sweep_roll_r1,1.5548553373482992,1.550990657033931,0.026646103366480243
1860,px4,POSCTL,20260411_013608_px4_manual_sweep_roll_r1,1.557424745860869,1.5510726825431882,0.09193195527638619
1861,px4,POSCTL,20260411_013608_px4_manual_sweep_roll_r1,1.5771767132549699,1.5513910158935873,0.2514376526649363
1862,px4,POSCTL,20260411_013608_px4_manual_sweep_roll_r1,1.579099559326898,1.5553703551434779,0.2489255240325913
1863,px4,POSCTL,20260411_013608_px4_manual_sweep_roll_r1,1.5676186491182666,1.5828978815270782,0.29257564863544167
1864,px4,POSCTL,20260411_013608_px4_manual_sweep_roll_r1,1.5577061982082445,1.5835801914408918,0.30398521316857907
1865,px4,POSCTL,20260411_013608_px4_manual_sweep_roll_r1,1.55681736228148,1.5671569855417844,0.25120742326459444
1866,px4,POSCTL,20260411_013608_px4_manual_sweep_roll_r1,1.5614191245271312,1.5543849957212195,0.17874819063527175
1867,px4,POSCTL,20260411_013608_px4_manual_sweep_roll_r1,1.5670330493933398,1.5546511023058402,0.15896617834879717
1868,px4,POSCTL,20260411_013608_px4_manual_sweep_roll_r1,1.5689051023005394,1.562189162967115,0.17100512409724783
1869,px4,POSCTL,20260411_013608_px4_manual_sweep_roll_r1,1.567962189632157,1.570772438012303,0.19467379354968065
1870,px4,POSCTL,20260411_013608_px4_manual_sweep_roll_r1,1.5656798162496195,1.5730097785248713,0.19507916556830607
1871,px4,POSCTL,20260411_013608_px4_manual_sweep_roll_r1,1.5637567173081168,1.5714207506643343,0.18021234105814093
1872,px4,POSCTL,20260411_013608_px4_manual_sweep_roll_r1,1.563067078358973,1.5671215307691135,0.15210067990463766
1873,px4,POSCTL,20260411_013608_px4_manual_sweep_roll_r1,1.5625366227819824,1.5633024518504468,0.1253809014528285
1874,px4,POSCTL,20260411_013608_px4_manual_sweep_roll_r1,1.5623275048438554,1.5609809196805626,0.10546310639099352
1875,px4,POSCTL,20260411_013608_px4_manual_sweep_roll_r1,1.5621519288796915,1.5593581160653194,0.08776188455999098
1876,px4,POSCTL,20260411_013608_px4_manual_sweep_roll_r1,1.5620378311300256,1.558505091780625,0.07785882678593678
1877,px4,POSCTL,20260411_013608_px4_manual_sweep_roll_r1,1.5618993141424131,1.5578711028558132,0.06555761226170254
1878,px4,POSCTL,20260411_013608_px4_manual_sweep_roll_r1,1.5618011370817584,1.557719597088524,0.05804008922281865
1879,px4,POSCTL,20260411_013608_px4_manual_sweep_roll_r1,1.5617940484501613,1.5575502446599236,0.05150746977329595
1880,px4,POSCTL,20260411_013608_px4_manual_sweep_roll_r1,1.5616612640506404,1.5575856770259024,0.044760448609164415
1881,px4,POSCTL,20260411_013608_px4_manual_sweep_roll_r1,1.561375872426661,1.5578308341733162,0.041102000935942205
1882,px4,POSCTL,20260411_013608_px4_manual_sweep_roll_r1,1.5611273787845146,1.5580532925043697,0.04005582346546482
1883,px4,POSCTL,20260411_013608_px4_manual_sweep_roll_r1,1.561069610244423,1.5582376009139405,0.036828776989866405
1884,px4,POSCTL,20260411_013608_px4_manual_sweep_roll_r1,1.56108461951212,1.558549709850008,0.033239070425503274
1885,px4,POSCTL,20260411_013608_px4_manual_sweep_roll_r1,1.5612060929246572,1.5589112450258484,0.03185831431784208
1886,px4,POSCTL,20260411_013608_px4_manual_sweep_roll_r1,1.5613909317088375,1.5594958249890107,0.03625062007358268
1887,px4,POSCTL,20260411_013608_px4_manual_sweep_roll_r1,1.5617027608023994,1.5601736818902476,0.04442178151651608
1888,px4,POSCTL,20260411_013608_px4_manual_sweep_roll_r1,1.561970672614849,1.5607779918015665,0.051070163831471865
1889,px4,POSCTL,20260411_013608_px4_manual_sweep_roll_r1,1.5620651971411432,1.5618024348623292,0.055370237214024426
1890,px4,POSCTL,20260411_013608_px4_manual_sweep_roll_r1,1.5621514851183065,1.56234367153812,0.05757060183915305
1891,px4,POSCTL,20260411_013608_px4_manual_sweep_roll_r1,1.5623047834682833,1.5628353160308834,0.053509575092296216
1892,px4,POSCTL,20260411_013608_px4_manual_sweep_roll_r1,1.5626971991381349,1.56322425771608,0.04862840268566552
1893,px4,POSCTL,20260411_013608_px4_manual_sweep_roll_r1,1.563063254581111,1.563869294954289,0.04287588059248584
1894,px4,POSCTL,20260411_013608_px4_manual_sweep_roll_r1,1.5633710792388893,1.5647976574379623,0.039068244939086456
1895,px4,POSCTL,20260411_013608_px4_manual_sweep_roll_r1,1.5636775196582502,1.5654559803159134,0.03736039580323307
1896,px4,POSCTL,20260411_013608_px4_manual_sweep_roll_r1,1.5638215201326275,1.5658971181817352,0.03391527000372727
1897,px4,POSCTL,20260411_013608_px4_manual_sweep_roll_r1,1.564014466486462,1.5663856922183048,0.03045274212436787
1898,px4,POSCTL,20260411_013608_px4_manual_sweep_roll_r1,1.5641226840537323,1.5666801017540026,0.028966063754509677
1899,px4,POSCTL,20260411_013608_px4_manual_sweep_roll_r1,1.5642070901297558,1.5672840862317203,0.028847505793909732
1900,px4,POSCTL,20260411_013608_px4_manual_sweep_roll_r1,1.564421206964295,1.567746929354166,0.030106651784366174
1901,px4,POSCTL,20260411_013608_px4_manual_sweep_roll_r1,1.5646698489761799,1.5680291984604882,0.030993931423966236
1902,px4,POSCTL,20260411_013608_px4_manual_sweep_roll_r1,1.564945217945311,1.568429406913181,0.03180682207011688
1903,px4,POSCTL,20260411_013608_px4_manual_sweep_roll_r1,1.5653736996493983,1.5687838023065388,0.03154143128169453
1904,px4,POSCTL,20260411_013608_px4_manual_sweep_roll_r1,1.5661662054768468,1.5690353193126452,0.03194063783751511
1905,px4,POSCTL,20260411_013608_px4_manual_sweep_roll_r1,1.5666628902110213,1.5700016360890106,0.033396675992194834
1906,px4,POSCTL,20260411_013608_px4_manual_sweep_roll_r1,1.567169358359441,1.5706044787443205,0.03336917305884926
1907,px4,POSCTL,20260411_013608_px4_manual_sweep_roll_r1,1.5686898388003083,1.5714007120201117,0.032735188697809746
1908,px4,POSCTL,20260411_013608_px4_manual_sweep_roll_r1,1.569708873051007,1.572003887636131,0.03175655284886236
1909,px4,POSCTL,20260411_013608_px4_manual_sweep_roll_r1,1.5709426467641243,1.5734047166470095,0.031745368065950644
1910,px4,POSCTL,20260411_013608_px4_manual_sweep_roll_r1,1.5716479930700695,1.5743835654860316,0.031620609385132885
1911,px4,POSCTL,20260411_013608_px4_manual_sweep_roll_r1,1.5727239040467067,1.5750886311184462,0.03270649965650459
1912,px4,POSCTL,20260411_013608_px4_manual_sweep_roll_r1,1.57355327929873,1.5755863547715832,0.03235653551242819
1913,px4,POSCTL,20260411_013608_px4_manual_sweep_roll_r1,1.5741992688385533,1.5762067170231029,0.031115917916433554
1914,px4,POSCTL,20260411_013608_px4_manual_sweep_roll_r1,1.575161600694759,1.5766728220709474,0.029155655388487984
1915,px4,POSCTL,20260411_013608_px4_manual_sweep_roll_r1,1.576501279474718,1.5769849715757516,0.02838120886614612
1916,px4,POSCTL,20260411_013608_px4_manual_sweep_roll_r1,1.5777787168654598,1.5774324642202213,0.02553237139325376
1917,px4,POSCTL,20260411_013608_px4_manual_sweep_roll_r1,1.5784767975076908,1.5783657931874877,0.022150595409222852
1918,px4,POSCTL,20260411_013608_px4_manual_sweep_roll_r1,1.5791165760257615,1.5788772852283852,0.02161035142173509
1919,px4,POSCTL,20260411_013608_px4_manual_sweep_roll_r1,1.5796531807579541,1.5793652331604953,0.020195396315926758
1920,px4,POSCTL,20260411_013608_px4_manual_sweep_roll_r1,1.579828641716215,1.5796008357168891,0.016298412937715927
1921,px4,POSCTL,20260411_013608_px4_manual_sweep_roll_r1,1.579992224087703,1.5795813078260468,0.014232288606117447
1922,px4,POSCTL,20260411_013608_px4_manual_sweep_roll_r1,1.5801150209012818,1.5793961667467749,0.01337009815394813
1923,px4,POSCTL,20260411_013608_px4_manual_sweep_roll_r1,1.5805127024207344,1.5790615513604087,0.012633805601369301
1924,px4,POSCTL,20260411_013608_px4_manual_sweep_roll_r1,1.580851714323514,1.578504328011763,0.012436895332797546
1925,px4,POSCTL,20260411_013608_px4_manual_sweep_roll_r1,1.5812033209408065,1.5782411353183066,0.01529771868787205
1926,px4,POSCTL,20260411_013608_px4_manual_sweep_roll_r1,1.5814354453241442,1.578143925618609,0.0172925583325848
1927,px4,POSCTL,20260411_013608_px4_manual_sweep_roll_r1,1.5816281775517174,1.5781128520629806,0.019074974206321905
1928,px4,POSCTL,20260411_013608_px4_manual_sweep_roll_r1,1.5817086638111617,1.5779346554547315,0.021172854475469068
1929,px4,POSCTL,20260411_013608_px4_manual_sweep_roll_r1,1.5817806942232722,1.5775089607358244,0.017729057901716003
1930,px4,POSCTL,20260411_013608_px4_manual_sweep_roll_r1,1.5818473092876422,1.5771712159313187,0.01784256574630235
1931,px4,POSCTL,20260411_013608_px4_manual_sweep_roll_r1,1.581904178353168,1.5768793117340805,0.018100459711210208
1932,px4,POSCTL,20260411_013608_px4_manual_sweep_roll_r1,1.5819227695099334,1.576774734439414,0.020854583145787333
1933,px4,POSCTL,20260411_013608_px4_manual_sweep_roll_r1,1.5816521471650158,1.576749423348731,0.02065452545192136
1934,px4,POSCTL,20260411_013608_px4_manual_sweep_roll_r1,1.5811382119241915,1.576651127045082,0.02537705183915464
1935,px4,POSCTL,20260411_013608_px4_manual_sweep_roll_r1,1.5806212405219509,1.5763751193394147,0.02503577255463691
1936,px4,POSCTL,20260411_013608_px4_manual_sweep_roll_r1,1.5800567270598609,1.5759102845316473,0.027014998919710334
1937,px4,POSCTL,20260411_013608_px4_manual_sweep_roll_r1,1.5789835225630782,1.5755146082763143,0.03150633954610337
1938,px4,POSCTL,20260411_013608_px4_manual_sweep_roll_r1,1.5780624044502316,1.575222174804012,0.0330884892747424
1939,px4,POSCTL,20260411_013608_px4_manual_sweep_roll_r1,1.5775458588235072,1.574538686034051,0.03297686177309673
1940,px4,POSCTL,20260411_013608_px4_manual_sweep_roll_r1,1.576742259751106,1.5738097036597183,0.03345207469036843
1941,px4,POSCTL,20260411_013608_px4_manual_sweep_roll_r1,1.5761372977138397,1.5734531380702332,0.036021710120481845
1942,px4,POSCTL,20260411_013608_px4_manual_sweep_roll_r1,1.576053683244541,1.5725257083390762,0.038779577235209334
1943,px4,POSCTL,20260411_013608_px4_manual_sweep_roll_r1,1.576067982704252,1.5716806589061976,0.04105660140824265
1944,px4,POSCTL,20260411_013608_px4_manual_sweep_roll_r1,1.576373468896472,1.5711674587994322,0.04191280542787254
1945,px4,POSCTL,20260411_013608_px4_manual_sweep_roll_r1,1.5770584973834607,1.5708883031047365,0.042016100714110396
1946,px4,POSCTL,20260411_013608_px4_manual_sweep_roll_r1,1.5777269065938142,1.570863341137193,0.04437133357591425
1947,px4,POSCTL,20260411_013608_px4_manual_sweep_roll_r1,1.5786728246771635,1.5712337192758905,0.04614436333496661
1948,px4,POSCTL,20260411_013608_px4_manual_sweep_roll_r1,1.579605776868014,1.5718051653750673,0.045470234331661585
1949,px4,POSCTL,20260411_013608_px4_manual_sweep_roll_r1,1.5805138877484735,1.5726297580435284,0.04373524936185801
1950,px4,POSCTL,20260411_013608_px4_manual_sweep_roll_r1,1.5805406392844856,1.573358681180111,0.0406705324133293
1951,px4,POSCTL,20260411_013608_px4_manual_sweep_roll_r1,1.5799760441382922,1.5740554203951167,0.03747605135997376
1952,px4,POSCTL,20260411_013608_px4_manual_sweep_roll_r1,1.5792591840938324,1.5737948385879592,0.0354024303739931
1953,px4,POSCTL,20260411_013608_px4_manual_sweep_roll_r1,1.5781392573558997,1.573000596290548,0.0334723637264762
1954,px4,POSCTL,20260411_013608_px4_manual_sweep_roll_r1,1.5768394427907322,1.5718763882998408,0.032105386998557806
1955,px4,POSCTL,20260411_013608_px4_manual_sweep_roll_r1,1.5754518492857315,1.570456328838087,0.030296624601101666
1956,px4,POSCTL,20260411_013608_px4_manual_sweep_roll_r1,1.5734915572803136,1.5687328115703552,0.028758637746242523
1957,px4,POSCTL,20260411_013608_px4_manual_sweep_roll_r1,1.571681013045978,1.567464037469992,0.026671911108785234
1958,px4,POSCTL,20260411_013608_px4_manual_sweep_roll_r1,1.5695821089962265,1.5653261335883861,0.025563525732422116
1959,px4,POSCTL,20260411_013608_px4_manual_sweep_roll_r1,1.5689928637785673,1.563285512503347,0.05029172631778995
1960,px4,POSCTL,20260411_013608_px4_manual_sweep_roll_r1,1.5699132141589907,1.561929191022788,0.09754840884437653
1961,px4,POSCTL,20260411_013608_px4_manual_sweep_roll_r1,1.5682526261563676,1.5607286360800536,0.06835759228973852
1962,px4,POSCTL,20260411_013608_px4_manual_sweep_roll_r1,1.5659918496095793,1.5620712460611306,0.08194124630149856
1963,px4,POSCTL,20260411_013608_px4_manual_sweep_roll_r1,1.563929012114462,1.5607760107270636,0.06881206857143769
1964,px4,POSCTL,20260411_013608_px4_manual_sweep_roll_r1,1.562954571772691,1.5587014526199394,0.04610467419235149
1965,px4,POSCTL,20260411_013608_px4_manual_sweep_roll_r1,1.5621996192619143,1.5570795651251241,0.02779748702714485
1966,px4,POSCTL,20260411_013608_px4_manual_sweep_roll_r1,1.5618625641657677,1.5563789432354331,0.016895411619072282
1967,px4,POSCTL,20260411_013608_px4_manual_sweep_roll_r1,1.5617462865038494,1.5561960306260125,0.015440001973151037
1968,px4,POSCTL,20260411_013608_px4_manual_sweep_roll_r1,1.5619703791602055,1.5564444538996385,0.02042844749155329
1969,px4,POSCTL,20260411_013608_px4_manual_sweep_roll_r1,1.5624762756702337,1.5568592099859084,0.033846871388126414
1970,px4,POSCTL,20260411_013608_px4_manual_sweep_roll_r1,1.5640562867000185,1.557871075147474,0.056097756525949144
1971,px4,POSCTL,20260411_013608_px4_manual_sweep_roll_r1,1.5652491571465994,1.5593352107358238,0.050538907692418915
1972,px4,POSCTL,20260411_013608_px4_manual_sweep_roll_r1,1.566476242198035,1.5613189010939441,0.02773045867033262
1973,px4,POSCTL,20260411_013608_px4_manual_sweep_roll_r1,1.5669380260424144,1.5630793862063694,0.022309257265241685
1974,px4,POSCTL,20260411_013608_px4_manual_sweep_roll_r1,1.567497727657169,1.564876242629161,0.025669679924493632
1975,px4,POSCTL,20260411_013608_px4_manual_sweep_roll_r1,1.568316652860794,1.5672951549010616,0.013712084223222367
1976,px4,POSCTL,20260411_013608_px4_manual_sweep_roll_r1,1.5685630569343592,1.5683721652147604,0.011359460921219209
1977,px4,POSCTL,20260411_013608_px4_manual_sweep_roll_r1,1.5688957984380405,1.568731039083509,0.01975586657974109
1978,px4,POSCTL,20260411_013608_px4_manual_sweep_roll_r1,1.5692768822464551,1.5687207123456,0.026210515048416153
1979,px4,POSCTL,20260411_013608_px4_manual_sweep_roll_r1,1.5693940642949589,1.5676126539561572,0.024025585130769092
1980,px4,POSCTL,20260411_013608_px4_manual_sweep_roll_r1,1.569391056316035,1.5663095140563141,0.02254568889747185
1981,px4,POSCTL,20260411_013608_px4_manual_sweep_roll_r1,1.5692975504178457,1.5654346689275174,0.02323687303769175
1982,px4,POSCTL,20260411_013608_px4_manual_sweep_roll_r1,1.5692559161061659,1.564754372258274,0.026165362183462278
1983,px4,POSCTL,20260411_013608_px4_manual_sweep_roll_r1,1.5689612549229497,1.5644234659275045,0.028064348221295676
1984,px4,POSCTL,20260411_013608_px4_manual_sweep_roll_r1,1.5687853656698247,1.564547054818526,0.03079060398113381
1985,px4,POSCTL,20260411_013608_px4_manual_sweep_roll_r1,1.56852552021577,1.5646962766458992,0.030710292323354274
1986,px4,POSCTL,20260411_013608_px4_manual_sweep_roll_r1,1.5683009629023115,1.5647772380222327,0.028143754734906785
1987,px4,POSCTL,20260411_013608_px4_manual_sweep_roll_r1,1.56802608486002,1.56489217101998,0.02779276173005239
1988,px4,POSCTL,20260411_013608_px4_manual_sweep_roll_r1,1.5679570807371004,1.5647551376788185,0.023519189034631106
1989,px4,POSCTL,20260411_013608_px4_manual_sweep_roll_r1,1.5678245718679877,1.5649656898887334,0.01484071658372261
1990,px4,POSCTL,20260411_013608_px4_manual_sweep_roll_r1,1.5677174979865098,1.5651339624517997,0.011539543193050467
1991,px4,POSCTL,20260411_013608_px4_manual_sweep_roll_r1,1.575292706007283,1.5652098782461838,0.16728934019992026
1992,px4,POSCTL,20260411_013608_px4_manual_sweep_roll_r1,1.577279150663695,1.565187699552593,0.18427512389301143
1995,px4,POSCTL,20260411_013658_px4_manual_random_roll_r1,1.5800444736806936,1.5792025000526928,0.0008953674779939792
1996,px4,POSCTL,20260411_013658_px4_manual_random_roll_r1,1.5801907929142625,1.5794184447493604,0.0008909317457404156
1997,px4,POSCTL,20260411_013658_px4_manual_random_roll_r1,1.580349046832001,1.5796831923211874,0.0008870588372880977
1998,px4,POSCTL,20260411_013658_px4_manual_random_roll_r1,1.5804978184112708,1.5798855367378202,0.0007400212125066813
1999,px4,POSCTL,20260411_013658_px4_manual_random_roll_r1,1.5805791641089406,1.5801274042734559,0.0005819764606396679
2000,px4,POSCTL,20260411_013658_px4_manual_random_roll_r1,1.5806135148809919,1.5803591546999602,0.00047865928343214064
2001,px4,POSCTL,20260411_013658_px4_manual_random_roll_r1,1.5806930307122589,1.5804857262128453,0.0005078877560561623
2002,px4,POSCTL,20260411_013658_px4_manual_random_roll_r1,1.5807671191334483,1.5805245215726564,0.0006623250252734926
2003,px4,POSCTL,20260411_013658_px4_manual_random_roll_r1,1.5808365621670697,1.5805989930426245,0.0006408748575471194
2004,px4,POSCTL,20260411_013658_px4_manual_random_roll_r1,1.5809382527045022,1.5806471514394183,0.0007815704915151642
2005,px4,POSCTL,20260411_013658_px4_manual_random_roll_r1,1.5810482043249563,1.5806790678775469,0.0006376830633481769
2006,px4,POSCTL,20260411_013658_px4_manual_random_roll_r1,1.581180582698348,1.5807377154732012,0.0007952531165516069
2007,px4,POSCTL,20260411_013658_px4_manual_random_roll_r1,1.5813362698959397,1.5808002371638536,0.0007764662001181025
2008,px4,POSCTL,20260411_013658_px4_manual_random_roll_r1,1.581455688220149,1.580871067092792,0.0008084377737544697
2009,px4,POSCTL,20260411_013658_px4_manual_random_roll_r1,1.5814938898085986,1.5809898415198684,0.0008224748534480023
2010,px4,POSCTL,20260411_013658_px4_manual_random_roll_r1,1.5815249888886818,1.5810712642322877,0.0008703479214422462
2011,px4,POSCTL,20260411_013658_px4_manual_random_roll_r1,1.5815356398472433,1.5811054837032068,0.0007994160660430359
2012,px4,POSCTL,20260411_013658_px4_manual_random_roll_r1,1.5815770732955705,1.5811211805475622,0.0009005225663331511
2013,px4,POSCTL,20260411_013658_px4_manual_random_roll_r1,1.5816157298828692,1.5811092129956175,0.0009166922049384439
2014,px4,POSCTL,20260411_013658_px4_manual_random_roll_r1,1.5816330335925923,1.5811250738171752,0.0009744410323450701
2015,px4,POSCTL,20260411_013658_px4_manual_random_roll_r1,1.5816057526652818,1.5811414302280808,0.0009809391283983637
2016,px4,POSCTL,20260411_013658_px4_manual_random_roll_r1,1.5815722867991566,1.5810850772226026,0.000993231345393262
2017,px4,POSCTL,20260411_013658_px4_manual_random_roll_r1,1.5815700767864547,1.5810050819908408,0.0010429241519625987
2018,px4,POSCTL,20260411_013658_px4_manual_random_roll_r1,1.581600605516481,1.580908316369394,0.0011564631284625986
2019,px4,POSCTL,20260411_013658_px4_manual_random_roll_r1,1.5816521762058762,1.580859695404113,0.0012724469353397085
2020,px4,POSCTL,20260411_013658_px4_manual_random_roll_r1,1.5817558731354882,1.5808347430020064,0.001307720267510733
2021,px4,POSCTL,20260411_013658_px4_manual_random_roll_r1,1.5818696264677836,1.5808493806923163,0.0014126860500356516
2022,px4,POSCTL,20260411_013658_px4_manual_random_roll_r1,1.5819630417478636,1.5809087303772362,0.0013524395084685758
2023,px4,POSCTL,20260411_013658_px4_manual_random_roll_r1,1.5820450428820414,1.5809817660500338,0.0013635825666161623
2024,px4,POSCTL,20260411_013658_px4_manual_random_roll_r1,1.5820529476655367,1.5810186599321707,0.0014035782154684878
2025,px4,POSCTL,20260411_013658_px4_manual_random_roll_r1,1.582021261447628,1.58105971286497,0.0013687384005042806
2026,px4,POSCTL,20260411_013658_px4_manual_random_roll_r1,1.5819682554644867,1.5809858308863276,0.0014612252901460298
2027,px4,POSCTL,20260411_013658_px4_manual_random_roll_r1,1.5818919007613907,1.580804551213998,0.001489222506654372
2028,px4,POSCTL,20260411_013658_px4_manual_random_roll_r1,1.5817937086409384,1.580655639411403,0.001508048819023254
2029,px4,POSCTL,20260411_013658_px4_manual_random_roll_r1,1.5817217862559985,1.5805028519530597,0.0016014929645295631
2030,px4,POSCTL,20260411_013658_px4_manual_random_roll_r1,1.581662545946957,1.5803687442980425,0.0016340867099641251
2031,px4,POSCTL,20260411_013658_px4_manual_random_roll_r1,1.5816143724426073,1.5802682219092896,0.0017150358427582167
2032,px4,POSCTL,20260411_013658_px4_manual_random_roll_r1,1.5815908773650824,1.5801861494944758,0.0017427788396478232
2033,px4,POSCTL,20260411_013658_px4_manual_random_roll_r1,1.581573979530073,1.5800649979563919,0.0017906466104337059
2034,px4,POSCTL,20260411_013658_px4_manual_random_roll_r1,1.5815215307926556,1.5799836819904467,0.0018138247628449653
2035,px4,POSCTL,20260411_013658_px4_manual_random_roll_r1,1.5814763329418222,1.5799539277920829,0.0018062962488004264
2036,px4,POSCTL,20260411_013658_px4_manual_random_roll_r1,1.5814291279641424,1.5799073691714918,0.0018359996502785804
2037,px4,POSCTL,20260411_013658_px4_manual_random_roll_r1,1.5814032570918453,1.5798726138802635,0.0018339192630360641
2038,px4,POSCTL,20260411_013658_px4_manual_random_roll_r1,1.5813846003565835,1.579837369975446,0.001836530164753355
2039,px4,POSCTL,20260411_013658_px4_manual_random_roll_r1,1.5813737871043978,1.5798171500824174,0.0018662806945908767
2040,px4,POSCTL,20260411_013658_px4_manual_random_roll_r1,1.581369726949766,1.5798106215296281,0.0018640024643848745
2041,px4,POSCTL,20260411_013658_px4_manual_random_roll_r1,1.581399608089579,1.57978181985764,0.0019464908072195134
2042,px4,POSCTL,20260411_013658_px4_manual_random_roll_r1,1.5814242983665694,1.5797680236552851,0.002036581987410625
2043,px4,POSCTL,20260411_013658_px4_manual_random_roll_r1,1.5814466183382119,1.5797841135486363,0.0019666905799474842
2044,px4,POSCTL,20260411_013658_px4_manual_random_roll_r1,1.5814644847135924,1.5798085431899622,0.002039338409574922
2045,px4,POSCTL,20260411_013658_px4_manual_random_roll_r1,1.58148036289148,1.5798349461312535,0.0019340601409999654
2046,px4,POSCTL,20260411_013658_px4_manual_random_roll_r1,1.5814698847885922,1.5798467316352447,0.001941965335777252
2047,px4,POSCTL,20260411_013658_px4_manual_random_roll_r1,1.5814404683895351,1.579829074312405,0.00197130038068034
2048,px4,POSCTL,20260411_013658_px4_manual_random_roll_r1,1.5813998946260561,1.5798008825554652,0.0019194042824645578
2049,px4,POSCTL,20260411_013658_px4_manual_random_roll_r1,1.5813319820225782,1.5797471278272102,0.0018960386318950205
2050,px4,POSCTL,20260411_013658_px4_manual_random_roll_r1,1.5812697152353783,1.579680521985563,0.0018843612516961292
2051,px4,POSCTL,20260411_013658_px4_manual_random_roll_r1,1.5812183914016535,1.5795944590324835,0.00187328088843885
2052,px4,POSCTL,20260411_013658_px4_manual_random_roll_r1,1.581184293164811,1.5795339909874913,0.0019330152252929435
2053,px4,POSCTL,20260411_013658_px4_manual_random_roll_r1,1.5811706479704912,1.5794989283730851,0.0019100101138657198
2054,px4,POSCTL,20260411_013658_px4_manual_random_roll_r1,1.5811930350641412,1.5794810828020958,0.0019274629808270036
2055,px4,POSCTL,20260411_013658_px4_manual_random_roll_r1,1.581183368831284,1.5794844890965898,0.0019468527350496641
2056,px4,POSCTL,20260411_013658_px4_manual_random_roll_r1,1.5811539531413574,1.5794918722296842,0.0019956054100706538
2057,px4,POSCTL,20260411_013658_px4_manual_random_roll_r1,1.5812188145050434,1.579484902189996,0.0019996671365740165
2058,px4,POSCTL,20260411_013658_px4_manual_random_roll_r1,1.5812776957195216,1.5794609159557034,0.0020817544464287207
2059,px4,POSCTL,20260411_013658_px4_manual_random_roll_r1,1.5813274567854034,1.5795232341045229,0.0020843363188730955
2060,px4,POSCTL,20260411_013658_px4_manual_random_roll_r1,1.5813737245876425,1.579588422720731,0.002069150470351199
2061,px4,POSCTL,20260411_013658_px4_manual_random_roll_r1,1.5814278644155209,1.5796380246541692,0.002121321409776691
2062,px4,POSCTL,20260411_013658_px4_manual_random_roll_r1,1.5815324816093335,1.5796981146491658,0.00215140010069994
2063,px4,POSCTL,20260411_013658_px4_manual_random_roll_r1,1.5816014419240247,1.579757776339146,0.002244479766039154
2064,px4,POSCTL,20260411_013658_px4_manual_random_roll_r1,1.5816741952144695,1.579906444767718,0.0021008708075996364
2065,px4,POSCTL,20260411_013658_px4_manual_random_roll_r1,1.5817958140424004,1.5800061567088444,0.0021624328101162633
2066,px4,POSCTL,20260411_013658_px4_manual_random_roll_r1,1.5818904597735057,1.580135394149015,0.0021227043893345407
2067,px4,POSCTL,20260411_013658_px4_manual_random_roll_r1,1.5819600556048112,1.5803176265885384,0.0020188566245135757
2068,px4,POSCTL,20260411_013658_px4_manual_random_roll_r1,1.5819910552255174,1.580458949539556,0.0018048734512723956
2069,px4,POSCTL,20260411_013658_px4_manual_random_roll_r1,1.5819684264557228,1.580583595586384,0.001738844150326989
2070,px4,POSCTL,20260411_013658_px4_manual_random_roll_r1,1.581878741943314,1.5806456795139976,0.0017146635252762632
2071,px4,POSCTL,20260411_013658_px4_manual_random_roll_r1,1.5817595099201716,1.5806552053072673,0.0014711181660362366
2072,px4,POSCTL,20260411_013658_px4_manual_random_roll_r1,1.5816944951528946,1.5806055320207255,0.0014540561674010672
2073,px4,POSCTL,20260411_013658_px4_manual_random_roll_r1,1.5816170604591702,1.5805292130314654,0.0015465787204679527
2074,px4,POSCTL,20260411_013658_px4_manual_random_roll_r1,1.5815346282185427,1.580514767396885,0.0014443551435823674
2075,px4,POSCTL,20260411_013658_px4_manual_random_roll_r1,1.5815402571384656,1.5804866673317244,0.0014875752405821042
2076,px4,POSCTL,20260411_013658_px4_manual_random_roll_r1,1.5815716951087684,1.580469239104788,0.0014428774263081036
2077,px4,POSCTL,20260411_013658_px4_manual_random_roll_r1,1.581620164134605,1.5805417500400054,0.0014326265232260317
2078,px4,POSCTL,20260411_013658_px4_manual_random_roll_r1,1.5816476732515767,1.5806433208969202,0.0012835435052700483
2079,px4,POSCTL,20260411_013658_px4_manual_random_roll_r1,1.5816697437205307,1.5807710623782885,0.001188394274690343
2080,px4,POSCTL,20260411_013658_px4_manual_random_roll_r1,1.5816587819078078,1.5809292301720905,0.0011772491941639202
2081,px4,POSCTL,20260411_013658_px4_manual_random_roll_r1,1.5816515376380886,1.581058526531612,0.0008405216189423902
2082,px4,POSCTL,20260411_013658_px4_manual_random_roll_r1,1.5816587493770946,1.581235817700718,0.0008912395855970201
2083,px4,POSCTL,20260411_013658_px4_manual_random_roll_r1,1.5816500963510363,1.581376755387134,0.0006888097232094711
2084,px4,POSCTL,20260411_013658_px4_manual_random_roll_r1,1.581608337033096,1.5814721287973383,0.0007343861859870542
2085,px4,POSCTL,20260411_013658_px4_manual_random_roll_r1,1.5815827276703633,1.581578144480519,0.0006651302430069095
2086,px4,POSCTL,20260411_013658_px4_manual_random_roll_r1,1.5815528706489268,1.5816302934960678,0.000745553031727494
2087,px4,POSCTL,20260411_013658_px4_manual_random_roll_r1,1.58153311111635,1.58169821214203,0.0007033731404822886
2088,px4,POSCTL,20260411_013658_px4_manual_random_roll_r1,1.5815177315934072,1.5817420792241965,0.0006762778970112102
2089,px4,POSCTL,20260411_013658_px4_manual_random_roll_r1,1.5815024543764171,1.5817641735645462,0.0005938046311764491
2090,px4,POSCTL,20260411_013658_px4_manual_random_roll_r1,1.5815444081380383,1.58172938836239,0.0006596082561418498
2091,px4,POSCTL,20260411_013658_px4_manual_random_roll_r1,1.5815821296199504,1.5817089158075581,0.0007358889875486283
2092,px4,POSCTL,20260411_013658_px4_manual_random_roll_r1,1.5816548913727217,1.5817034515340598,0.0011111871965644397
2093,px4,POSCTL,20260411_013658_px4_manual_random_roll_r1,1.5822416086458666,1.581660534686336,0.003162902871630842
2094,px4,POSCTL,20260411_013658_px4_manual_random_roll_r1,1.5832822674720524,1.5815892068910187,0.008612917940493695
2095,px4,POSCTL,20260411_013658_px4_manual_random_roll_r1,1.5840985926548292,1.5821295229303545,0.019121827461334107
2096,px4,POSCTL,20260411_013658_px4_manual_random_roll_r1,1.5848368721817316,1.583563891241664,0.029286450113559414
2097,px4,POSCTL,20260411_013658_px4_manual_random_roll_r1,1.5856553053733178,1.5854894996255449,0.03310310471935406
2098,px4,POSCTL,20260411_013658_px4_manual_random_roll_r1,1.5863926381167703,1.5888714599598515,0.03182174652887182
2099,px4,POSCTL,20260411_013658_px4_manual_random_roll_r1,1.5867254874803767,1.5923240958837166,0.025372256789377785
2100,px4,POSCTL,20260411_013658_px4_manual_random_roll_r1,1.5863694447906262,1.5958109189094352,0.016626269434611148
2101,px4,POSCTL,20260411_013658_px4_manual_random_roll_r1,1.5854318291291987,1.6001852236480418,0.015868123136769104
2102,px4,POSCTL,20260411_013658_px4_manual_random_roll_r1,1.5846516803586033,1.601064369258666,0.018526558833666478
2103,px4,POSCTL,20260411_013658_px4_manual_random_roll_r1,1.5839564564605244,1.6021590563224086,0.02174573625768002
2104,px4,POSCTL,20260411_013658_px4_manual_random_roll_r1,1.5833239507397225,1.6031595692042804,0.02764824330794306
2105,px4,POSCTL,20260411_013658_px4_manual_random_roll_r1,1.58284616355835,1.603713978681345,0.02761129254146839
2106,px4,POSCTL,20260411_013658_px4_manual_random_roll_r1,1.5823704657895854,1.6041009951483294,0.025152831322368178
2107,px4,POSCTL,20260411_013658_px4_manual_random_roll_r1,1.5817874370188847,1.6047713038800397,0.02716589987768355
2108,px4,POSCTL,20260411_013658_px4_manual_random_roll_r1,1.5819237268633406,1.604414176719997,0.025577300806579203
2109,px4,POSCTL,20260411_013658_px4_manual_random_roll_r1,1.582213713132112,1.6038026781825052,0.023674362039938397
2110,px4,POSCTL,20260411_013658_px4_manual_random_roll_r1,1.5825530530701282,1.6035733462320219,0.02267262131584655
2111,px4,POSCTL,20260411_013658_px4_manual_random_roll_r1,1.5850648052225231,1.6031871568436882,0.020408808737624205
2112,px4,POSCTL,20260411_013658_px4_manual_random_roll_r1,1.5863705196768874,1.6030210090744939,0.01967321929517303
2113,px4,POSCTL,20260411_013658_px4_manual_random_roll_r1,1.588117279540533,1.6042135977023013,0.018792167822040746
2114,px4,POSCTL,20260411_013658_px4_manual_random_roll_r1,1.5902735888439121,1.6047634845869894,0.01804422177618214
2115,px4,POSCTL,20260411_013658_px4_manual_random_roll_r1,1.5919895809086904,1.6055929758854721,0.017598751952501896
2116,px4,POSCTL,20260411_013658_px4_manual_random_roll_r1,1.5934104861683525,1.60665771562405,0.01692036532035677
2117,px4,POSCTL,20260411_013658_px4_manual_random_roll_r1,1.5948802026144855,1.6074274922386098,0.016183733242989995
2118,px4,POSCTL,20260411_013658_px4_manual_random_roll_r1,1.5957591001770324,1.608078942565859,0.015852075467151488
2119,px4,POSCTL,20260411_013658_px4_manual_random_roll_r1,1.5965485650669453,1.608739593408076,0.016116786631951308
2120,px4,POSCTL,20260411_013658_px4_manual_random_roll_r1,1.5967645280987341,1.6090238471687432,0.015941453896565313
2121,px4,POSCTL,20260411_013658_px4_manual_random_roll_r1,1.596475172175904,1.6088593123766783,0.015222654045983263
2122,px4,POSCTL,20260411_013658_px4_manual_random_roll_r1,1.5958354449158407,1.6083597077947662,0.01516077626497435
2123,px4,POSCTL,20260411_013658_px4_manual_random_roll_r1,1.5946795671500975,1.6076495454012598,0.015384752255369158
2124,px4,POSCTL,20260411_013658_px4_manual_random_roll_r1,1.5935075174594289,1.6065421788697445,0.015260956114542583
2125,px4,POSCTL,20260411_013658_px4_manual_random_roll_r1,1.592455153078493,1.6046649250990985,0.014424927642561862
2126,px4,POSCTL,20260411_013658_px4_manual_random_roll_r1,1.5904839890154694,1.6031943075675308,0.014656902922788156
2127,px4,POSCTL,20260411_013658_px4_manual_random_roll_r1,1.58929952909654,1.601839337784901,0.014471706328657135
2128,px4,POSCTL,20260411_013658_px4_manual_random_roll_r1,1.588129081065808,1.5993674254658083,0.013290002474840166
2129,px4,POSCTL,20260411_013658_px4_manual_random_roll_r1,1.5866465442372617,1.597778460081183,0.012863811719748331
2130,px4,POSCTL,20260411_013658_px4_manual_random_roll_r1,1.5854992111639146,1.5963366678552637,0.012185881009828523
2131,px4,POSCTL,20260411_013658_px4_manual_random_roll_r1,1.5848939581198627,1.5946346312645798,0.011178662482330834
2132,px4,POSCTL,20260411_013658_px4_manual_random_roll_r1,1.584065352733751,1.5932189082655699,0.010318329654958484
2133,px4,POSCTL,20260411_013658_px4_manual_random_roll_r1,1.5830972370392913,1.5925824624710467,0.010078141149934926
2134,px4,POSCTL,20260411_013658_px4_manual_random_roll_r1,1.5820295757413558,1.5915795375161395,0.009898611856648575
2135,px4,POSCTL,20260411_013658_px4_manual_random_roll_r1,1.580985498565971,1.5903064668339728,0.0096573616399643
2136,px4,POSCTL,20260411_013658_px4_manual_random_roll_r1,1.5805740272925084,1.5889454255386046,0.008708211925145337
2137,px4,POSCTL,20260411_013658_px4_manual_random_roll_r1,1.58008237618165,1.5876068941263317,0.007840468155365706
2138,px4,POSCTL,20260411_013658_px4_manual_random_roll_r1,1.5796746260475296,1.5869777450339217,0.007769961707212819
2139,px4,POSCTL,20260411_013658_px4_manual_random_roll_r1,1.5791883004249652,1.58623973708832,0.007712070588738549
2140,px4,POSCTL,20260411_013658_px4_manual_random_roll_r1,1.5788318716019194,1.5855643665762889,0.0073377184838016064
2141,px4,POSCTL,20260411_013658_px4_manual_random_roll_r1,1.5783084349636656,1.5847133026799411,0.007298033311230024
2142,px4,POSCTL,20260411_013658_px4_manual_random_roll_r1,1.5774249182853675,1.5840010324506708,0.007648413667644477
2143,px4,POSCTL,20260411_013658_px4_manual_random_roll_r1,1.5763861817368732,1.5831011390019063,0.00777724759613895
2144,px4,POSCTL,20260411_013658_px4_manual_random_roll_r1,1.5753559910492023,1.5818576329720169,0.007760880157548995
2145,px4,POSCTL,20260411_013658_px4_manual_random_roll_r1,1.5746284574163045,1.5805690089495223,0.007109951824967467
2146,px4,POSCTL,20260411_013658_px4_manual_random_roll_r1,1.5737077154713044,1.5790095355294171,0.006499924556920776
2147,px4,POSCTL,20260411_013658_px4_manual_random_roll_r1,1.572742342785663,1.5779612736691733,0.0065082380673527375
2148,px4,POSCTL,20260411_013658_px4_manual_random_roll_r1,1.5720799064977586,1.5767328625441157,0.006189227740776235
2149,px4,POSCTL,20260411_013658_px4_manual_random_roll_r1,1.5717563850007155,1.5753912086100599,0.0051565577629668485
2150,px4,POSCTL,20260411_013658_px4_manual_random_roll_r1,1.5715669081418497,1.5742725036259186,0.004177948495544663
2151,px4,POSCTL,20260411_013658_px4_manual_random_roll_r1,1.5713356565074932,1.5736114444653007,0.0038689275620369117
2152,px4,POSCTL,20260411_013658_px4_manual_random_roll_r1,1.5714213494518086,1.5731270680622587,0.0034976753492978858
2153,px4,POSCTL,20260411_013658_px4_manual_random_roll_r1,1.5716508426724887,1.5725672637604413,0.0032114043970141127
2154,px4,POSCTL,20260411_013658_px4_manual_random_roll_r1,1.5718865049967783,1.5724058693751939,0.0031948321635111806
2155,px4,POSCTL,20260411_013658_px4_manual_random_roll_r1,1.5726162500723009,1.5724648311733642,0.004107806988620601
2156,px4,POSCTL,20260411_013658_px4_manual_random_roll_r1,1.5187373478596746,1.572522497205033,0.053991039315087815
2157,px4,POSCTL,20260411_013658_px4_manual_random_roll_r1,1.5213831566449147,1.572992642903901,0.05180614707630792
2158,px4,POSCTL,20260411_013658_px4_manual_random_roll_r1,1.5265607274800002,1.518873790344612,0.008982429961512927
2159,px4,POSCTL,20260411_013658_px4_manual_random_roll_r1,1.5344568846083957,1.5218046153195397,0.013703554263415917
2160,px4,POSCTL,20260411_013658_px4_manual_random_roll_r1,1.540198691244032,1.5271688815547564,0.01395442203313332
2161,px4,POSCTL,20260411_013658_px4_manual_random_roll_r1,1.5479813073710211,1.5353024231913608,0.013500457506239088
2162,px4,POSCTL,20260411_013658_px4_manual_random_roll_r1,1.5542339826897413,1.5408501382868838,0.01405970458958619
2163,px4,POSCTL,20260411_013658_px4_manual_random_roll_r1,1.5605867819626462,1.5492163215276595,0.012049819661380568
2164,px4,POSCTL,20260411_013658_px4_manual_random_roll_r1,1.5658026855735319,1.5555616954743605,0.010986823028785286
2165,px4,POSCTL,20260411_013658_px4_manual_random_roll_r1,1.570968777899671,1.561578895152064,0.010123871444039098
2166,px4,POSCTL,20260411_013658_px4_manual_random_roll_r1,1.576768147292085,1.5673334285849467,0.010136239902989988
2167,px4,POSCTL,20260411_013658_px4_manual_random_roll_r1,1.5813263546780056,1.572359147747574,0.009633275126028523
2168,px4,POSCTL,20260411_013658_px4_manual_random_roll_r1,1.5846265480311528,1.577404321399584,0.008030703938803051
2169,px4,POSCTL,20260411_013658_px4_manual_random_roll_r1,1.588237184793653,1.5820295037186187,0.007363254359883504
2170,px4,POSCTL,20260411_013658_px4_manual_random_roll_r1,1.5914297928804442,1.5849983378999168,0.007990740305868209
2171,px4,POSCTL,20260411_013658_px4_manual_random_roll_r1,1.5928292828438266,1.5886598373811534,0.006209483364747822
2172,px4,POSCTL,20260411_013658_px4_manual_random_roll_r1,1.5939770182781636,1.5912781419354098,0.0050959999535910286
2173,px4,POSCTL,20260411_013658_px4_manual_random_roll_r1,1.594439481845302,1.592990894951263,0.00460712874087254
2174,px4,POSCTL,20260411_013658_px4_manual_random_roll_r1,1.5943693241695078,1.5940903030210474,0.004399912288484
2175,px4,POSCTL,20260411_013658_px4_manual_random_roll_r1,1.5939451438401968,1.594508665378883,0.004579790613235546
2176,px4,POSCTL,20260411_013658_px4_manual_random_roll_r1,1.5931212766348186,1.59437944615891,0.0047453296415354024
2177,px4,POSCTL,20260411_013658_px4_manual_random_roll_r1,1.592477222211297,1.593838247319114,0.004788289718154425
2178,px4,POSCTL,20260411_013658_px4_manual_random_roll_r1,1.5911685258923007,1.593016954560766,0.004689235656366018
2179,px4,POSCTL,20260411_013658_px4_manual_random_roll_r1,1.589636344564584,1.5922162600619834,0.004958178426413396
2180,px4,POSCTL,20260411_013658_px4_manual_random_roll_r1,1.5883884935236416,1.5909647728208767,0.004862710474530846
2181,px4,POSCTL,20260411_013658_px4_manual_random_roll_r1,1.5873136909075818,1.589348810623816,0.004556378546178537
2182,px4,POSCTL,20260411_013658_px4_manual_random_roll_r1,1.5861395556352258,1.5879590947417572,0.004161690654039592
2183,px4,POSCTL,20260411_013658_px4_manual_random_roll_r1,1.5855029230233717,1.586716581165259,0.003800619833640143
2184,px4,POSCTL,20260411_013658_px4_manual_random_roll_r1,1.5847009918682746,1.585229304661905,0.0037937444816049386
2185,px4,POSCTL,20260411_013658_px4_manual_random_roll_r1,1.5838690650878837,1.58454550286531,0.0038425528708938526
2186,px4,POSCTL,20260411_013658_px4_manual_random_roll_r1,1.5828836878739603,1.5836454282435022,0.004034437812487085
2187,px4,POSCTL,20260411_013658_px4_manual_random_roll_r1,1.5820020208110752,1.5826436807792055,0.003730088778913992
2188,px4,POSCTL,20260411_013658_px4_manual_random_roll_r1,1.581164975636647,1.581449735505297,0.0037482589041079486
2189,px4,POSCTL,20260411_013658_px4_manual_random_roll_r1,1.5802794148718247,1.5802969529999686,0.0037859098391428334
2190,px4,POSCTL,20260411_013658_px4_manual_random_roll_r1,1.5794760028386325,1.5793303755507224,0.003761961852233614
2191,px4,POSCTL,20260411_013658_px4_manual_random_roll_r1,1.5788203643984198,1.5782476517756694,0.003918815327563618
2192,px4,POSCTL,20260411_013658_px4_manual_random_roll_r1,1.578124613126157,1.5773370778833087,0.003925632477920038
2193,px4,POSCTL,20260411_013658_px4_manual_random_roll_r1,1.577939621628118,1.5766277775470177,0.0036703513332549363
2194,px4,POSCTL,20260411_013658_px4_manual_random_roll_r1,1.5777476440571823,1.5757478677314671,0.003816119382148621
2195,px4,POSCTL,20260411_013658_px4_manual_random_roll_r1,1.5778365575779283,1.5753950755119104,0.004328002410283562
2196,px4,POSCTL,20260411_013658_px4_manual_random_roll_r1,1.578332986398694,1.5749929438108172,0.004958915479671662
2197,px4,POSCTL,20260411_013658_px4_manual_random_roll_r1,1.5787201896846401,1.574899968658824,0.005094810586718043
2198,px4,POSCTL,20260411_013658_px4_manual_random_roll_r1,1.5792739598249792,1.5752206172296526,0.005423531934028901
2199,px4,POSCTL,20260411_013658_px4_manual_random_roll_r1,1.5802633651130755,1.5755262091291435,0.006384965276762584
2200,px4,POSCTL,20260411_013658_px4_manual_random_roll_r1,1.5809345603068534,1.575928576251868,0.006801852902033597
2201,px4,POSCTL,20260411_013658_px4_manual_random_roll_r1,1.581804518688109,1.576649426240124,0.006840277893159692
2202,px4,POSCTL,20260411_013658_px4_manual_random_roll_r1,1.5824123167389001,1.5773343170154037,0.0067848658168217875
2203,px4,POSCTL,20260411_013658_px4_manual_random_roll_r1,1.5829974856010807,1.5781650758726053,0.006618398819280448
2204,px4,POSCTL,20260411_013658_px4_manual_random_roll_r1,1.5832945898987256,1.578897643216865,0.005866774770981461
2205,px4,POSCTL,20260411_013658_px4_manual_random_roll_r1,1.5835608007158768,1.5795861308300487,0.005368442915109868
2206,px4,POSCTL,20260411_013658_px4_manual_random_roll_r1,1.5837926406341734,1.5799955592967156,0.005033599970617521
2207,px4,POSCTL,20260411_013658_px4_manual_random_roll_r1,1.583962460427433,1.5804017938350075,0.0048808614881557764
2208,px4,POSCTL,20260411_013658_px4_manual_random_roll_r1,1.584043443932165,1.5807360409517528,0.004441161265320751
2209,px4,POSCTL,20260411_013658_px4_manual_random_roll_r1,1.5841975760530602,1.5809782972290631,0.004166506369415977
2210,px4,POSCTL,20260411_013658_px4_manual_random_roll_r1,1.5842291002702664,1.581082782886454,0.004231113961699483
2211,px4,POSCTL,20260411_013658_px4_manual_random_roll_r1,1.5842341059482148,1.5813171715683618,0.003676890968090346
2212,px4,POSCTL,20260411_013658_px4_manual_random_roll_r1,1.5841032014296796,1.5814279720359015,0.003392712680282737
2213,px4,POSCTL,20260411_013658_px4_manual_random_roll_r1,1.5838981365476124,1.5815482839046446,0.003188602381092588
2214,px4,POSCTL,20260411_013658_px4_manual_random_roll_r1,1.583642223750731,1.5815728767730817,0.0027319831672894773
2215,px4,POSCTL,20260411_013658_px4_manual_random_roll_r1,1.5833493553966287,1.581501237874977,0.0029973239684271515
2216,px4,POSCTL,20260411_013658_px4_manual_random_roll_r1,1.5831137982143832,1.5813782651669888,0.0028193464297314305
2217,px4,POSCTL,20260411_013658_px4_manual_random_roll_r1,1.5827432641653931,1.5812454674247136,0.0029158032540874896
2218,px4,POSCTL,20260411_013658_px4_manual_random_roll_r1,1.582427448841219,1.5811268853619629,0.002803796714336964
2219,px4,POSCTL,20260411_013658_px4_manual_random_roll_r1,1.582126454728584,1.5808779826368222,0.0031095498832851144
2220,px4,POSCTL,20260411_013658_px4_manual_random_roll_r1,1.581882135295648,1.580595227246935,0.003007176735978085
2221,px4,POSCTL,20260411_013658_px4_manual_random_roll_r1,1.5816808151465374,1.5802258442646746,0.0029031117871345215
2222,px4,POSCTL,20260411_013658_px4_manual_random_roll_r1,1.5814190323551436,1.5799300266773588,0.0032104930445276255
2223,px4,POSCTL,20260411_013658_px4_manual_random_roll_r1,1.581265719287249,1.5796664142740895,0.0031285973938805145
2224,px4,POSCTL,20260411_013658_px4_manual_random_roll_r1,1.5812658093063685,1.5793521351728945,0.002956299360667674
2225,px4,POSCTL,20260411_013658_px4_manual_random_roll_r1,1.5812905159841382,1.5791290554295245,0.003109106301702871
2226,px4,POSCTL,20260411_013658_px4_manual_random_roll_r1,1.5813975718720894,1.5790713543522363,0.003468937997071821
2227,px4,POSCTL,20260411_013658_px4_manual_random_roll_r1,1.5816269324736174,1.5790165852173352,0.004026380255502315
2228,px4,POSCTL,20260411_013658_px4_manual_random_roll_r1,1.5818559011935238,1.579004598566322,0.004311613289177298
2229,px4,POSCTL,20260411_013658_px4_manual_random_roll_r1,1.5820879271914474,1.579060049593911,0.005006977929799129
2230,px4,POSCTL,20260411_013658_px4_manual_random_roll_r1,1.5822274300722912,1.5791059986310243,0.005777386540707678
2231,px4,POSCTL,20260411_013658_px4_manual_random_roll_r1,1.5822783826846207,1.5791008668482935,0.005439472198132351
2232,px4,POSCTL,20260411_013658_px4_manual_random_roll_r1,1.582274877675998,1.5789439964656196,0.004967680910098769
2233,px4,POSCTL,20260411_013658_px4_manual_random_roll_r1,1.5821212127821715,1.5787869327700348,0.005301316834819815
2234,px4,POSCTL,20260411_013658_px4_manual_random_roll_r1,1.5820511646463131,1.578601947489385,0.005241671187225653
2235,px4,POSCTL,20260411_013658_px4_manual_random_roll_r1,1.5820175177602982,1.5780995770277864,0.005667712591883959
2236,px4,POSCTL,20260411_013658_px4_manual_random_roll_r1,1.5824170768859096,1.5778117497985318,0.034094299835923214
2237,px4,POSCTL,20260411_013658_px4_manual_random_roll_r1,1.586759701148365,1.5775742052803663,0.1202129981549273
2238,px4,POSCTL,20260411_013658_px4_manual_random_roll_r1,1.5946984361012313,1.5771341776520944,0.17970566990029027
2239,px4,POSCTL,20260411_013658_px4_manual_random_roll_r1,1.628247468144852,1.576900863652363,0.30889215680273174
2240,px4,POSCTL,20260411_013658_px4_manual_random_roll_r1,1.615553512857747,1.5785391789441912,0.2079720110657053
2241,px4,POSCTL,20260411_013658_px4_manual_random_roll_r1,1.5934026578600502,1.5925404819102298,0.14742511678524842
2242,px4,POSCTL,20260411_013658_px4_manual_random_roll_r1,1.5825738692300821,1.591241045342089,0.2521454626425136
2243,px4,POSCTL,20260411_013658_px4_manual_random_roll_r1,1.5861438374512185,1.583068290496534,0.2566345644694883
2244,px4,POSCTL,20260411_013658_px4_manual_random_roll_r1,1.5965384729853145,1.57890235184686,0.22188087022299263
2245,px4,POSCTL,20260411_013658_px4_manual_random_roll_r1,1.6003483700105658,1.5816157958240333,0.16955874070609933
2246,px4,POSCTL,20260411_013658_px4_manual_random_roll_r1,1.6002740086198886,1.5892244306169334,0.13635088110753896
2247,px4,POSCTL,20260411_013658_px4_manual_random_roll_r1,1.5963155946704872,1.5925099674638166,0.12943720512028767
2248,px4,POSCTL,20260411_013658_px4_manual_random_roll_r1,1.5904767778760456,1.5928461933987592,0.12072016886708375
2249,px4,POSCTL,20260411_013658_px4_manual_random_roll_r1,1.5860049625430361,1.5902300623774512,0.11191119402407562
2250,px4,POSCTL,20260411_013658_px4_manual_random_roll_r1,1.5833198449842274,1.585746113831928,0.09141439813168575
2251,px4,POSCTL,20260411_013658_px4_manual_random_roll_r1,1.5829004384218563,1.5820421350202378,0.06894881275758476
2252,px4,POSCTL,20260411_013658_px4_manual_random_roll_r1,1.5833106877954626,1.5796962727147918,0.052893030269739495
2253,px4,POSCTL,20260411_013658_px4_manual_random_roll_r1,1.5840118503751182,1.5792614250566033,0.03911623762333411
2254,px4,POSCTL,20260411_013658_px4_manual_random_roll_r1,1.584532643910221,1.579553283385331,0.036664826184807195
2255,px4,POSCTL,20260411_013658_px4_manual_random_roll_r1,1.5846004533529663,1.5802478111281908,0.02892281197402168
2256,px4,POSCTL,20260411_013658_px4_manual_random_roll_r1,1.5847876987351266,1.5807713480988763,0.030477647446264775
2257,px4,POSCTL,20260411_013658_px4_manual_random_roll_r1,1.5845547056711653,1.580804359088947,0.02947900026932096
2258,px4,POSCTL,20260411_013658_px4_manual_random_roll_r1,1.5842043042493055,1.580888126899131,0.03176987070808877
2259,px4,POSCTL,20260411_013658_px4_manual_random_roll_r1,1.583762128241441,1.5805301454163176,0.03195430920536615
2260,px4,POSCTL,20260411_013658_px4_manual_random_roll_r1,1.5831998941613032,1.580041908431822,0.035242552567233534
2261,px4,POSCTL,20260411_013658_px4_manual_random_roll_r1,1.5827362939592764,1.5792729733503106,0.039612334490651685
2262,px4,POSCTL,20260411_013658_px4_manual_random_roll_r1,1.5820412595405924,1.578310162453951,0.035784802487740464
2263,px4,POSCTL,20260411_013658_px4_manual_random_roll_r1,1.581214229191008,1.5768365100774722,0.03399730393321762
2264,px4,POSCTL,20260411_013658_px4_manual_random_roll_r1,1.580870079006467,1.5742036157411807,0.03206593184074365
2265,px4,POSCTL,20260411_013658_px4_manual_random_roll_r1,1.580633969631993,1.5724022336477659,0.029440788561177492
2266,px4,POSCTL,20260411_013658_px4_manual_random_roll_r1,1.5804860965049656,1.5721244652062722,0.026430375063950195
2267,px4,POSCTL,20260411_013658_px4_manual_random_roll_r1,1.5802691740855401,1.5722965975752432,0.02071707656653202
2268,px4,POSCTL,20260411_013658_px4_manual_random_roll_r1,1.5801397551420033,1.5724725349819522,0.02002840395907823
2269,px4,POSCTL,20260411_013658_px4_manual_random_roll_r1,1.5801292733741736,1.5728817506372788,0.02265256736417128
2270,px4,POSCTL,20260411_013658_px4_manual_random_roll_r1,1.5802061193105297,1.5734029878292313,0.025988353495854502
2271,px4,POSCTL,20260411_013658_px4_manual_random_roll_r1,1.5805357499164898,1.5737635990974301,0.03807592040692952
2272,px4,POSCTL,20260411_013658_px4_manual_random_roll_r1,1.5808422750729079,1.574002995953772,0.04562782465197544
2273,px4,POSCTL,20260411_013658_px4_manual_random_roll_r1,1.5812979036272088,1.574620829836447,0.05084042652637776
2274,px4,POSCTL,20260411_013658_px4_manual_random_roll_r1,1.5816867179656862,1.575111421877073,0.05591239075754587
2275,px4,POSCTL,20260411_013658_px4_manual_random_roll_r1,1.5818066868362375,1.5755359335459302,0.0564163828386797
2276,px4,POSCTL,20260411_013658_px4_manual_random_roll_r1,1.5824557763451206,1.5756507245813698,0.057402125483942745
2277,px4,POSCTL,20260411_013658_px4_manual_random_roll_r1,1.5827271431540944,1.5756281892212116,0.05321940358148318
2278,px4,POSCTL,20260411_013658_px4_manual_random_roll_r1,1.583402533627369,1.575823959225097,0.051639838785521704
2279,px4,POSCTL,20260411_013658_px4_manual_random_roll_r1,1.583804912548574,1.576139237790534,0.04856803383254593
2280,px4,POSCTL,20260411_013658_px4_manual_random_roll_r1,1.5839984400271885,1.5762746517736073,0.04622307697183747
2281,px4,POSCTL,20260411_013658_px4_manual_random_roll_r1,1.5840482235266327,1.5759391682144446,0.042530561326400415
2282,px4,POSCTL,20260411_013658_px4_manual_random_roll_r1,1.5839965574717219,1.5758705383918585,0.03692416060601192
2283,px4,POSCTL,20260411_013658_px4_manual_random_roll_r1,1.5836626443330253,1.5756394321127474,0.030504503393056576
2284,px4,POSCTL,20260411_013658_px4_manual_random_roll_r1,1.5832305042576273,1.57534718198105,0.02760838449765
2285,px4,POSCTL,20260411_013658_px4_manual_random_roll_r1,1.5828941326542352,1.5750384384159797,0.022423023156399463
2286,px4,POSCTL,20260411_013658_px4_manual_random_roll_r1,1.5826228023465583,1.5793419764247767,0.03913948043302018
2287,px4,POSCTL,20260411_013658_px4_manual_random_roll_r1,1.5824976917932385,1.5791307074914787,0.032911057226606026
2288,px4,POSCTL,20260411_013658_px4_manual_random_roll_r1,1.5825220764628651,1.5788015617920834,0.02503740676794818
2289,px4,POSCTL,20260411_013658_px4_manual_random_roll_r1,1.582721156119951,1.5780310278098726,0.02689742813087741
2290,px4,POSCTL,20260411_013658_px4_manual_random_roll_r1,1.582938648161602,1.5766989085990606,0.03349590433780236
2291,px4,POSCTL,20260411_013658_px4_manual_random_roll_r1,1.5831660997411565,1.5753406571433701,0.04116879390328945
2292,px4,POSCTL,20260411_013658_px4_manual_random_roll_r1,1.5832414335245608,1.5742758651717055,0.049024492994438874
2293,px4,POSCTL,20260411_013658_px4_manual_random_roll_r1,1.583767542885115,1.5658528976400536,0.0457759169660604
2294,px4,POSCTL,20260411_013658_px4_manual_random_roll_r1,1.584329345263055,1.5654362938271997,0.039511523096965
2295,px4,POSCTL,20260411_013658_px4_manual_random_roll_r1,1.5846696356902037,1.567038783935593,0.032555773722824165
2296,px4,POSCTL,20260411_013658_px4_manual_random_roll_r1,1.584944541470742,1.5698639942135215,0.03388309601249521
2297,px4,POSCTL,20260411_013658_px4_manual_random_roll_r1,1.5855735228163663,1.5733696392354843,0.03629213986666621
2298,px4,POSCTL,20260411_013658_px4_manual_random_roll_r1,1.5860275307603058,1.577191032481545,0.025884809151649743
2299,px4,POSCTL,20260411_013658_px4_manual_random_roll_r1,1.5861453963366254,1.5824171914374159,0.020815642921301666
2300,px4,POSCTL,20260411_013658_px4_manual_random_roll_r1,1.585878777190353,1.584271587522032,0.012156343347109215
2301,px4,POSCTL,20260411_013658_px4_manual_random_roll_r1,1.5853635797864258,1.5846603034861095,0.01729824083928617
2302,px4,POSCTL,20260411_013658_px4_manual_random_roll_r1,1.5848285019065418,1.584185089305039,0.026365005320135443
2303,px4,POSCTL,20260411_013658_px4_manual_random_roll_r1,1.584265882755108,1.5827397929181135,0.04124416906225733
2304,px4,POSCTL,20260411_013658_px4_manual_random_roll_r1,1.584136927292162,1.5811824760878328,0.04484638517481439
2305,px4,POSCTL,20260411_013658_px4_manual_random_roll_r1,1.5839784741252694,1.576792896870977,0.04489001454260978
2306,px4,POSCTL,20260411_013658_px4_manual_random_roll_r1,1.5838517962302228,1.575490866546689,0.04187682801715744
2307,px4,POSCTL,20260411_013658_px4_manual_random_roll_r1,1.5838146656745307,1.5746729010030582,0.03673241321571837
2308,px4,POSCTL,20260411_013658_px4_manual_random_roll_r1,1.583814408040086,1.5744911517132802,0.03261063575743975
2309,px4,POSCTL,20260411_013658_px4_manual_random_roll_r1,1.5838473778337596,1.574758194923438,0.029418827767907954
2310,px4,POSCTL,20260411_013658_px4_manual_random_roll_r1,1.583974522397879,1.5751697920052772,0.02631450171632565
2311,px4,POSCTL,20260411_013658_px4_manual_random_roll_r1,1.5840418966891794,1.5764583751140344,0.01882735170750164
2312,px4,POSCTL,20260411_013658_px4_manual_random_roll_r1,1.584174388890627,1.5767931828735324,0.018683933653291657
2313,px4,POSCTL,20260411_013658_px4_manual_random_roll_r1,1.5843374182286694,1.5771086449646852,0.015830492293042966
2314,px4,POSCTL,20260411_013658_px4_manual_random_roll_r1,1.5845723664373084,1.5773181495730078,0.017696229104917846
2315,px4,POSCTL,20260411_013658_px4_manual_random_roll_r1,1.5848090291521437,1.577554886772536,0.02025542936774712
2316,px4,POSCTL,20260411_013658_px4_manual_random_roll_r1,1.5850110897271832,1.5779681571901218,0.02210513253613036
2317,px4,POSCTL,20260411_013658_px4_manual_random_roll_r1,1.5851597688662598,1.576170244856355,0.04129531488320062
2318,px4,POSCTL,20260411_013658_px4_manual_random_roll_r1,1.5853361905895313,1.5764903554982965,0.037513205442619275
2319,px4,POSCTL,20260411_013658_px4_manual_random_roll_r1,1.5855079000566807,1.576833552973183,0.032061336533058066
2320,px4,POSCTL,20260411_013658_px4_manual_random_roll_r1,1.5855994612375424,1.578048151539727,0.026979269517640774
2321,px4,POSCTL,20260411_013658_px4_manual_random_roll_r1,1.585424159937831,1.5801041825536244,0.024749962223781473
2322,px4,POSCTL,20260411_013658_px4_manual_random_roll_r1,1.585170425214834,1.584516072688523,0.019693099802281084
2323,px4,POSCTL,20260411_013658_px4_manual_random_roll_r1,1.584892382014309,1.5852343618345615,0.018329572383355097
2324,px4,POSCTL,20260411_013658_px4_manual_random_roll_r1,1.5848062940892322,1.58476166985615,0.023414211845859248
2325,px4,POSCTL,20260411_013658_px4_manual_random_roll_r1,1.5847766611365819,1.5830561030422325,0.022923641607131277
2326,px4,POSCTL,20260411_013658_px4_manual_random_roll_r1,1.5848699009131237,1.5813156023715251,0.021656878961040592
2327,px4,POSCTL,20260411_013658_px4_manual_random_roll_r1,1.5848703098040142,1.5796417666881544,0.019692808432758675
2328,px4,POSCTL,20260411_013658_px4_manual_random_roll_r1,1.584862025475802,1.578598020160576,0.016282285201325793
2329,px4,POSCTL,20260411_013658_px4_manual_random_roll_r1,1.584735924284836,1.579861240566908,0.030919163724165828
2330,px4,POSCTL,20260411_013658_px4_manual_random_roll_r1,1.5844981253167676,1.5798007708772468,0.030008750874816727
2331,px4,POSCTL,20260411_013658_px4_manual_random_roll_r1,1.5842908022610365,1.5798940493362388,0.029689698077346307
2332,px4,POSCTL,20260411_013658_px4_manual_random_roll_r1,1.5838185196121992,1.579564296857859,0.03099739225079258
2333,px4,POSCTL,20260411_013658_px4_manual_random_roll_r1,1.5832977401855002,1.5793659231599464,0.034417838198446654
2334,px4,POSCTL,20260411_013658_px4_manual_random_roll_r1,1.5827143826651273,1.5787901393637216,0.03801617642337198
2335,px4,POSCTL,20260411_013658_px4_manual_random_roll_r1,1.58238112384165,1.5799299000600466,0.04894668979196594
2336,px4,POSCTL,20260411_013658_px4_manual_random_roll_r1,1.582240328316479,1.5793449064745284,0.04303595201970485
2337,px4,POSCTL,20260411_013658_px4_manual_random_roll_r1,1.5822745500068813,1.578674195206569,0.030226966769881024
2338,px4,POSCTL,20260411_013658_px4_manual_random_roll_r1,1.5824832769656434,1.577972456859934,0.025246460117945565
2339,px4,POSCTL,20260411_013658_px4_manual_random_roll_r1,1.5828412771863702,1.5762361371626417,0.02726401667638246
2340,px4,POSCTL,20260411_013658_px4_manual_random_roll_r1,1.583207654747883,1.5751546756762773,0.02771889420667968
2341,px4,POSCTL,20260411_013658_px4_manual_random_roll_r1,1.5833551149233265,1.5681705023448738,0.027344751613053293
2342,px4,POSCTL,20260411_013658_px4_manual_random_roll_r1,1.5831900643958918,1.5674962844974152,0.01964079911669073
2343,px4,POSCTL,20260411_013658_px4_manual_random_roll_r1,1.5828793761978392,1.567126862265349,0.01829841762046337
2344,px4,POSCTL,20260411_013658_px4_manual_random_roll_r1,1.583083520692805,1.5678154396433157,0.031133599092681923
2345,px4,POSCTL,20260411_013658_px4_manual_random_roll_r1,1.5833863595466595,1.5698956486513878,0.030021590643885657
2346,px4,POSCTL,20260411_013658_px4_manual_random_roll_r1,1.5840336543761409,1.5717343528610397,0.019154488361897464
2347,px4,POSCTL,20260411_013658_px4_manual_random_roll_r1,1.5851045725966353,1.5747037721740444,0.021815296709342194
2348,px4,POSCTL,20260411_013658_px4_manual_random_roll_r1,1.58723419137899,1.5791415673874016,0.024812018091695736
2349,px4,POSCTL,20260411_013658_px4_manual_random_roll_r1,1.5889756827780572,1.58312180275644,0.028179827166313166
2350,px4,POSCTL,20260411_013658_px4_manual_random_roll_r1,1.5900910636058014,1.5889096459045906,0.03491626475170316
2351,px4,POSCTL,20260411_013658_px4_manual_random_roll_r1,1.590972573176659,1.5941720043068035,0.04615807884111898
2352,px4,POSCTL,20260411_013658_px4_manual_random_roll_r1,1.59135872760735,1.5959917176442922,0.05116621259584375
2353,px4,POSCTL,20260411_013658_px4_manual_random_roll_r1,1.5915658775080974,1.600291014833692,0.03644799054058674
2354,px4,POSCTL,20260411_013658_px4_manual_random_roll_r1,1.5914571615589357,1.6007123346793657,0.02627721847509708
2355,px4,POSCTL,20260411_013658_px4_manual_random_roll_r1,1.5912644550631474,1.6000660396828594,0.023008002925896245
2356,px4,POSCTL,20260411_013658_px4_manual_random_roll_r1,1.5912707379542042,1.598164316709393,0.031476607457565066
2357,px4,POSCTL,20260411_013658_px4_manual_random_roll_r1,1.591525253880888,1.595228938274739,0.032167469820531217
2358,px4,POSCTL,20260411_013658_px4_manual_random_roll_r1,1.5916476368798933,1.5913807285350392,0.02751479724453856
2359,px4,POSCTL,20260411_013658_px4_manual_random_roll_r1,1.5910231267172543,1.580868136266556,0.07542633951668297
2360,px4,POSCTL,20260411_013658_px4_manual_random_roll_r1,1.5891762288011653,1.5757576873354773,0.047311022377578164
2361,px4,POSCTL,20260411_013658_px4_manual_random_roll_r1,1.586629090691922,1.573091070288035,0.02347397441003952
2362,px4,POSCTL,20260411_013658_px4_manual_random_roll_r1,1.5849022920850226,1.5712353416595277,0.02189791544553615
2363,px4,POSCTL,20260411_013658_px4_manual_random_roll_r1,1.5827441488425356,1.5719022956910398,0.027424949292394103
2364,px4,POSCTL,20260411_013658_px4_manual_random_roll_r1,1.5820010454827507,1.5733932043615417,0.02432095774001056
2365,px4,POSCTL,20260411_013658_px4_manual_random_roll_r1,1.5813569855127199,1.5830218371239069,0.06902127675362867
2366,px4,POSCTL,20260411_013658_px4_manual_random_roll_r1,1.5805460805326301,1.5841677185195573,0.04959497657899302
2367,px4,POSCTL,20260411_013658_px4_manual_random_roll_r1,1.5798849528522407,1.5850102147198906,0.025098629651198967
2368,px4,POSCTL,20260411_013658_px4_manual_random_roll_r1,1.5796479085570647,1.5837520334852455,0.016934973739007847
2369,px4,POSCTL,20260411_013658_px4_manual_random_roll_r1,1.579880460208236,1.581275720181046,0.02120784117834192
2370,px4,POSCTL,20260411_013658_px4_manual_random_roll_r1,1.5800735200781257,1.5701444070826878,0.08195466763774403
2371,px4,POSCTL,20260411_013658_px4_manual_random_roll_r1,1.5800526550065495,1.5670560612138722,0.0742128737941811
2372,px4,POSCTL,20260411_013658_px4_manual_random_roll_r1,1.579574289687946,1.5633472659560994,0.054792222561083494
2373,px4,POSCTL,20260411_013658_px4_manual_random_roll_r1,1.5783467062237213,1.5615431258722232,0.026494774910023437
2374,px4,POSCTL,20260411_013658_px4_manual_random_roll_r1,1.577704178486675,1.5609741635436272,0.02555581824305358
2375,px4,POSCTL,20260411_013658_px4_manual_random_roll_r1,1.5778559606819804,1.5638335877607479,0.026025361728917604
2376,px4,POSCTL,20260411_013658_px4_manual_random_roll_r1,1.5783514406301564,1.5693601275281839,0.01849046869010004
2377,px4,POSCTL,20260411_013658_px4_manual_random_roll_r1,1.5788464039363148,1.5748482172391616,0.02113439599240122
2378,px4,POSCTL,20260411_013658_px4_manual_random_roll_r1,1.579109887393854,1.5789805448622263,0.02382320675628426
2379,px4,POSCTL,20260411_013658_px4_manual_random_roll_r1,1.5792229194797935,1.5820322812212555,0.03914064700116298
2380,px4,POSCTL,20260411_013658_px4_manual_random_roll_r1,1.5795455132591625,1.5824537024087837,0.04537176726670664
2381,px4,POSCTL,20260411_013658_px4_manual_random_roll_r1,1.579494901063041,1.581843953247584,0.04681875837232322
2382,px4,POSCTL,20260411_013658_px4_manual_random_roll_r1,1.5795868073984995,1.580655806538252,0.04156370320724917
2383,px4,POSCTL,20260411_013658_px4_manual_random_roll_r1,1.5795342605517677,1.5788545989373635,0.04513844406462466
2384,px4,POSCTL,20260411_013658_px4_manual_random_roll_r1,1.579503013682794,1.5781275507554249,0.040297427156658586
2385,px4,POSCTL,20260411_013658_px4_manual_random_roll_r1,1.5793665707576194,1.5785343857943352,0.03900464455153824
2386,px4,POSCTL,20260411_013658_px4_manual_random_roll_r1,1.579361849196104,1.5799024808286946,0.049957057834595996
2387,px4,POSCTL,20260411_013658_px4_manual_random_roll_r1,1.579436047575609,1.5808725744815768,0.05174787644909514
2388,px4,POSCTL,20260411_013658_px4_manual_random_roll_r1,1.5795672382479617,1.5815545154869575,0.04810967281804116
2389,px4,POSCTL,20260411_013658_px4_manual_random_roll_r1,1.5794994971034015,1.584515703735934,0.035818545890709416
2390,px4,POSCTL,20260411_013658_px4_manual_random_roll_r1,1.5792233558420923,1.5851538170639232,0.02865118988213934
2391,px4,POSCTL,20260411_013658_px4_manual_random_roll_r1,1.5787290128287996,1.5854032876266029,0.030342265074044802
2392,px4,POSCTL,20260411_013658_px4_manual_random_roll_r1,1.577958841050853,1.583709811090562,0.041140445951497184
2393,px4,POSCTL,20260411_013658_px4_manual_random_roll_r1,1.5774403430285446,1.5813931342381604,0.04816183575339804
2394,px4,POSCTL,20260411_013658_px4_manual_random_roll_r1,1.5769454008972126,1.5780130467573594,0.051841284981487386
2395,px4,POSCTL,20260411_013658_px4_manual_random_roll_r1,1.5769840779039106,1.579156259692658,0.04737396461626299
2396,px4,POSCTL,20260411_013658_px4_manual_random_roll_r1,1.5780648192152076,1.576777958796943,0.0655401036392894
2397,px4,POSCTL,20260411_013658_px4_manual_random_roll_r1,1.577805876614115,1.5750807070721689,0.04821728953818884
2398,px4,POSCTL,20260411_013658_px4_manual_random_roll_r1,1.5767902354454124,1.5734670570310967,0.0336678734493624
2399,px4,POSCTL,20260411_013658_px4_manual_random_roll_r1,1.576242433054109,1.5709466978614022,0.04140318958537095
2400,px4,POSCTL,20260411_013658_px4_manual_random_roll_r1,1.5756906440207217,1.5623922222798843,0.04444171347514788
2401,px4,POSCTL,20260411_013658_px4_manual_random_roll_r1,1.5751594852803004,1.5602772682162618,0.036710826242454135
2402,px4,POSCTL,20260411_013658_px4_manual_random_roll_r1,1.5746379715860428,1.5585531748671126,0.032935102620415484
2403,px4,POSCTL,20260411_013658_px4_manual_random_roll_r1,1.5746097456238854,1.5586981919226413,0.036185902545497126
2404,px4,POSCTL,20260411_013658_px4_manual_random_roll_r1,1.5749593584069994,1.560888893870895,0.032413734162181906
2405,px4,POSCTL,20260411_013658_px4_manual_random_roll_r1,1.5758129508012952,1.5632678202120351,0.028833343500656094
2406,px4,POSCTL,20260411_013658_px4_manual_random_roll_r1,1.5769625541401706,1.5654426138716726,0.024972330720270254
2407,px4,POSCTL,20260411_013658_px4_manual_random_roll_r1,1.5823036711855512,1.5680020648348731,0.11689945545975428
2408,px4,POSCTL,20260411_013658_px4_manual_random_roll_r1,1.597849267322899,1.5703812064444418,0.23408691685788316
2409,px4,POSCTL,20260411_013658_px4_manual_random_roll_r1,1.5971807686019317,1.576969800152357,0.17789722486343512
2410,px4,POSCTL,20260411_013658_px4_manual_random_roll_r1,1.589323693599953,1.593097264356086,0.1793540046428263
2411,px4,POSCTL,20260411_013658_px4_manual_random_roll_r1,1.58445388798545,1.5930658767990067,0.19034080880867268
2412,px4,POSCTL,20260411_013658_px4_manual_random_roll_r1,1.5840221251384752,1.5844378718267924,0.17215469859345403
2413,px4,POSCTL,20260411_013658_px4_manual_random_roll_r1,1.5946287585879875,1.5780826118010256,0.23390472336881518
2414,px4,POSCTL,20260411_013658_px4_manual_random_roll_r1,1.6457965639189993,1.575280224062947,0.4295657956376397
2415,px4,POSCTL,20260411_013658_px4_manual_random_roll_r1,1.6885860701308153,1.5833198732982794,0.5019068808168089
2416,px4,POSCTL,20260411_013658_px4_manual_random_roll_r1,1.6619169253509187,1.6311327101267419,0.4429044430468165
2417,px4,POSCTL,20260411_013658_px4_manual_random_roll_r1,1.6158549451866162,1.6725500595242566,0.48242219923969076
2418,px4,POSCTL,20260411_013658_px4_manual_random_roll_r1,1.5860564359125753,1.6466068533250293,0.49285616025844375
2419,px4,POSCTL,20260411_013658_px4_manual_random_roll_r1,1.6068707899614099,1.6019881708924242,0.5007122437926931
2804,px4,POSCTL,20260411_013959_px4_manual_random_pitch_r2,1.569400734129279,1.5689983433726846,0.002726536521665492
2805,px4,POSCTL,20260411_013959_px4_manual_random_pitch_r2,1.5694978797251093,1.5690780552930264,0.0028824104361230493
2806,px4,POSCTL,20260411_013959_px4_manual_random_pitch_r2,1.569712376034874,1.5691681820107761,0.0029982636837255884
2807,px4,POSCTL,20260411_013959_px4_manual_random_pitch_r2,1.5698819213150255,1.5693007705348347,0.003194568439059314
2808,px4,POSCTL,20260411_013959_px4_manual_random_pitch_r2,1.5700551818222703,1.569526894233332,0.003079235770839644
2809,px4,POSCTL,20260411_013959_px4_manual_random_pitch_r2,1.5702075151541335,1.5697181056105147,0.00324088709604105
2810,px4,POSCTL,20260411_013959_px4_manual_random_pitch_r2,1.5703261481121529,1.5699582514263526,0.003223287403135606
2811,px4,POSCTL,20260411_013959_px4_manual_random_pitch_r2,1.5704445119116925,1.5701512421042285,0.003373389203327645
2812,px4,POSCTL,20260411_013959_px4_manual_random_pitch_r2,1.5705005280825373,1.5703270428484644,0.003032707045985106
2813,px4,POSCTL,20260411_013959_px4_manual_random_pitch_r2,1.5705464925431223,1.5704402728063493,0.002858179525650695
2814,px4,POSCTL,20260411_013959_px4_manual_random_pitch_r2,1.570572047124647,1.570536069469881,0.002816218350242209
2815,px4,POSCTL,20260411_013959_px4_manual_random_pitch_r2,1.57059856291318,1.5705592170063771,0.002931590393520044
2816,px4,POSCTL,20260411_013959_px4_manual_random_pitch_r2,1.5706294594629555,1.57055296408693,0.0029432050911780763
2817,px4,POSCTL,20260411_013959_px4_manual_random_pitch_r2,1.5706310381972501,1.5705558568509324,0.0027261639218505436
2818,px4,POSCTL,20260411_013959_px4_manual_random_pitch_r2,1.5706373882140647,1.5706192888614443,0.003286719726271979
2819,px4,POSCTL,20260411_013959_px4_manual_random_pitch_r2,1.5706314324125756,1.5706558288722945,0.0032486510410314083
2820,px4,POSCTL,20260411_013959_px4_manual_random_pitch_r2,1.5705908848541557,1.5707046109389406,0.003039787754528681
2821,px4,POSCTL,20260411_013959_px4_manual_random_pitch_r2,1.5705414650371723,1.5706434759313699,0.0034931597885332014
2822,px4,POSCTL,20260411_013959_px4_manual_random_pitch_r2,1.5704669387753776,1.5705706060316578,0.0033824453955814435
2823,px4,POSCTL,20260411_013959_px4_manual_random_pitch_r2,1.5703595599996367,1.5704568053556567,0.0025648699079565385
2824,px4,POSCTL,20260411_013959_px4_manual_random_pitch_r2,1.5703224830621096,1.5703146417926115,0.0026559468512731116
2825,px4,POSCTL,20260411_013959_px4_manual_random_pitch_r2,1.570187267746328,1.5701520649217315,0.0030218241183230824
2826,px4,POSCTL,20260411_013959_px4_manual_random_pitch_r2,1.5700634310402086,1.5700533779546242,0.0034939799600604317
2827,px4,POSCTL,20260411_013959_px4_manual_random_pitch_r2,1.5700108148911311,1.5698781480619344,0.0035066651741506617
2828,px4,POSCTL,20260411_013959_px4_manual_random_pitch_r2,1.5699173529376733,1.569729192899801,0.00269585481791597
2829,px4,POSCTL,20260411_013959_px4_manual_random_pitch_r2,1.5698951859738575,1.5696431771091373,0.0029415883151025614
2830,px4,POSCTL,20260411_013959_px4_manual_random_pitch_r2,1.5698870660639297,1.5696407778276444,0.003082225279309579
2831,px4,POSCTL,20260411_013959_px4_manual_random_pitch_r2,1.5699574909573162,1.569756270461144,0.0029267139189548
2832,px4,POSCTL,20260411_013959_px4_manual_random_pitch_r2,1.5700484789759988,1.5698363054879438,0.003113391356296468
2833,px4,POSCTL,20260411_013959_px4_manual_random_pitch_r2,1.5700951446015177,1.5699948952422846,0.0032569469442517234
2834,px4,POSCTL,20260411_013959_px4_manual_random_pitch_r2,1.570095111392718,1.5701756046235753,0.002458299759119744
2835,px4,POSCTL,20260411_013959_px4_manual_random_pitch_r2,1.5700912848721686,1.570301965198832,0.0027687184912625266
2836,px4,POSCTL,20260411_013959_px4_manual_random_pitch_r2,1.5700922355629252,1.5703591257424685,0.003255044143652932
2837,px4,POSCTL,20260411_013959_px4_manual_random_pitch_r2,1.5701034819912383,1.5703863055184974,0.002807766099585065
2838,px4,POSCTL,20260411_013959_px4_manual_random_pitch_r2,1.5700770514867495,1.5704347400745178,0.0026286152073600097
2839,px4,POSCTL,20260411_013959_px4_manual_random_pitch_r2,1.5700727433157442,1.5704905777622644,0.0029208491688059155
2840,px4,POSCTL,20260411_013959_px4_manual_random_pitch_r2,1.5701067673804443,1.5705174472276227,0.0026961127157873314
2841,px4,POSCTL,20260411_013959_px4_manual_random_pitch_r2,1.5701172336342277,1.570574455458458,0.002687327087464706
2842,px4,POSCTL,20260411_013959_px4_manual_random_pitch_r2,1.5700857844829643,1.570678754851824,0.003005449707728179
2843,px4,POSCTL,20260411_013959_px4_manual_random_pitch_r2,1.5700728302567557,1.570734394580375,0.0030085712320903225
2844,px4,POSCTL,20260411_013959_px4_manual_random_pitch_r2,1.570028663458599,1.5707177879052654,0.002730947113016669
2845,px4,POSCTL,20260411_013959_px4_manual_random_pitch_r2,1.5700317587819006,1.5707268286164213,0.0030119026025160643
2846,px4,POSCTL,20260411_013959_px4_manual_random_pitch_r2,1.570018781119776,1.570676556471052,0.0031223221999227787
2847,px4,POSCTL,20260411_013959_px4_manual_random_pitch_r2,1.569952832748757,1.570657195796243,0.002865527669505363
2848,px4,POSCTL,20260411_013959_px4_manual_random_pitch_r2,1.569912838025508,1.5706278318376394,0.002922001955186239
2849,px4,POSCTL,20260411_013959_px4_manual_random_pitch_r2,1.5698516372179538,1.5705833117568981,0.0029954635017689787
2850,px4,POSCTL,20260411_013959_px4_manual_random_pitch_r2,1.5696763344435238,1.570524388752312,0.0030289708516825792
2851,px4,POSCTL,20260411_013959_px4_manual_random_pitch_r2,1.5694951815258005,1.5704937694473482,0.003247867745154164
2852,px4,POSCTL,20260411_013959_px4_manual_random_pitch_r2,1.569351638911089,1.5702232343808618,0.003065707633769369
2853,px4,POSCTL,20260411_013959_px4_manual_random_pitch_r2,1.5692213725467135,1.5700193288131423,0.0027125008455462273
2854,px4,POSCTL,20260411_013959_px4_manual_random_pitch_r2,1.5690795961068282,1.5697867775849303,0.002866456447353257
2855,px4,POSCTL,20260411_013959_px4_manual_random_pitch_r2,1.5689801803954084,1.56953678733932,0.002523627109844051
2856,px4,POSCTL,20260411_013959_px4_manual_random_pitch_r2,1.568891142302832,1.5693952730280603,0.0027142487104557314
2857,px4,POSCTL,20260411_013959_px4_manual_random_pitch_r2,1.5688285978342362,1.5691902083887668,0.0031037779835860696
2858,px4,POSCTL,20260411_013959_px4_manual_random_pitch_r2,1.568748386463019,1.5691161270323921,0.002455566687218118
2859,px4,POSCTL,20260411_013959_px4_manual_random_pitch_r2,1.5686532248713545,1.5690372424841852,0.0026529583170817415
2860,px4,POSCTL,20260411_013959_px4_manual_random_pitch_r2,1.568616420519108,1.568940743474088,0.002944369534272162
2861,px4,POSCTL,20260411_013959_px4_manual_random_pitch_r2,1.5685795825886342,1.568853032457847,0.002805701605653703
2862,px4,POSCTL,20260411_013959_px4_manual_random_pitch_r2,1.568554698152184,1.5688138160452454,0.0027529860124705157
2863,px4,POSCTL,20260411_013959_px4_manual_random_pitch_r2,1.568526251321613,1.5687774101228436,0.002710350488801656
2864,px4,POSCTL,20260411_013959_px4_manual_random_pitch_r2,1.5684905988129303,1.5688232142317913,0.002310178025804615
2865,px4,POSCTL,20260411_013959_px4_manual_random_pitch_r2,1.5684945841429945,1.5688767814351126,0.00244196080774606
2866,px4,POSCTL,20260411_013959_px4_manual_random_pitch_r2,1.5685189671205444,1.5688995243558916,0.0028502705104207324
2867,px4,POSCTL,20260411_013959_px4_manual_random_pitch_r2,1.5685641948535494,1.5689316703182978,0.0024863378187613525
2868,px4,POSCTL,20260411_013959_px4_manual_random_pitch_r2,1.5686034172997758,1.5689976209366567,0.002551396790222593
2869,px4,POSCTL,20260411_013959_px4_manual_random_pitch_r2,1.5687290851833533,1.5690583904867508,0.0024537436545370166
2870,px4,POSCTL,20260411_013959_px4_manual_random_pitch_r2,1.5688482337789136,1.5690856026090605,0.0024846612101471427
2871,px4,POSCTL,20260411_013959_px4_manual_random_pitch_r2,1.5690276534891567,1.5692271786763217,0.0022165184688500753
2872,px4,POSCTL,20260411_013959_px4_manual_random_pitch_r2,1.5691086939634695,1.5693316703569227,0.0022165951412636193
2873,px4,POSCTL,20260411_013959_px4_manual_random_pitch_r2,1.569140076534773,1.5694632294367317,0.0027831605702004878
2874,px4,POSCTL,20260411_013959_px4_manual_random_pitch_r2,1.56911079672332,1.569519676454766,0.0024889941350264874
2875,px4,POSCTL,20260411_013959_px4_manual_random_pitch_r2,1.569083540960908,1.5695488752716766,0.0023402824408288517
2876,px4,POSCTL,20260411_013959_px4_manual_random_pitch_r2,1.5690483095161674,1.5695257577092545,0.002784802630952677
2877,px4,POSCTL,20260411_013959_px4_manual_random_pitch_r2,1.5689881240394725,1.5695150668036162,0.002479128503519158
2878,px4,POSCTL,20260411_013959_px4_manual_random_pitch_r2,1.568924168089664,1.5694744585076765,0.002399679104445567
2879,px4,POSCTL,20260411_013959_px4_manual_random_pitch_r2,1.5688795429712377,1.5694030074236212,0.0021741545674211875
2880,px4,POSCTL,20260411_013959_px4_manual_random_pitch_r2,1.5688580593406756,1.569315222681258,0.0024559337726840972
2881,px4,POSCTL,20260411_013959_px4_manual_random_pitch_r2,1.5688487631867314,1.569251049036403,0.0026648844402292816
2882,px4,POSCTL,20260411_013959_px4_manual_random_pitch_r2,1.5688197482299246,1.569188198531882,0.0024047353254432902
2883,px4,POSCTL,20260411_013959_px4_manual_random_pitch_r2,1.5687442703794885,1.5691451014099154,0.0025940386784171253
2884,px4,POSCTL,20260411_013959_px4_manual_random_pitch_r2,1.568635063592993,1.5690767469261975,0.0026146046895761826
2885,px4,POSCTL,20260411_013959_px4_manual_random_pitch_r2,1.5685521929197028,1.5689473543346044,0.002714320868335256
2886,px4,POSCTL,20260411_013959_px4_manual_random_pitch_r2,1.5684812748023156,1.5688326880392531,0.002505579920559061
2887,px4,POSCTL,20260411_013959_px4_manual_random_pitch_r2,1.5684563055851677,1.5687420393258171,0.002574366643237383
2888,px4,POSCTL,20260411_013959_px4_manual_random_pitch_r2,1.5684747329939683,1.5686411363573067,0.0028275200182082292
2889,px4,POSCTL,20260411_013959_px4_manual_random_pitch_r2,1.5685728741259812,1.5685821083660574,0.002778067026229622
2890,px4,POSCTL,20260411_013959_px4_manual_random_pitch_r2,1.5686760354595575,1.568540379587224,0.002544449584229341
2891,px4,POSCTL,20260411_013959_px4_manual_random_pitch_r2,1.5687990192552077,1.5685864390945192,0.0025461248244542673
2892,px4,POSCTL,20260411_013959_px4_manual_random_pitch_r2,1.5688807626119265,1.568647689682604,0.0024836340894794284
2893,px4,POSCTL,20260411_013959_px4_manual_random_pitch_r2,1.5689490679653009,1.5687608696207203,0.0025958977832307166
2894,px4,POSCTL,20260411_013959_px4_manual_random_pitch_r2,1.5689599367719387,1.5688282044982433,0.0024796308707705785
2895,px4,POSCTL,20260411_013959_px4_manual_random_pitch_r2,1.5689775004858437,1.568912672292232,0.0024166971371703348
2896,px4,POSCTL,20260411_013959_px4_manual_random_pitch_r2,1.5689977757467783,1.5689384317464126,0.0027455955659313616
2897,px4,POSCTL,20260411_013959_px4_manual_random_pitch_r2,1.569037937207077,1.568990498277896,0.002734062415654875
2898,px4,POSCTL,20260411_013959_px4_manual_random_pitch_r2,1.5690741380500157,1.5690397238181533,0.0027960771322726764
2899,px4,POSCTL,20260411_013959_px4_manual_random_pitch_r2,1.5691015490886382,1.5690811032971943,0.0027731031244244263
2900,px4,POSCTL,20260411_013959_px4_manual_random_pitch_r2,1.569111827884427,1.5691068655418328,0.0030033300390180204
2901,px4,POSCTL,20260411_013959_px4_manual_random_pitch_r2,1.5691151198694437,1.5691323554106151,0.002837850074685276
2902,px4,POSCTL,20260411_013959_px4_manual_random_pitch_r2,1.569110010761177,1.5691513178088465,0.0028655170131602027
2903,px4,POSCTL,20260411_013959_px4_manual_random_pitch_r2,1.5695920491609496,1.569163789615933,0.0036148912743749523
2904,px4,POSCTL,20260411_013959_px4_manual_random_pitch_r2,1.5704046831043732,1.5692873730714947,0.00929950371606838
2905,px4,POSCTL,20260411_013959_px4_manual_random_pitch_r2,1.5710772195465854,1.57029103852811,0.014248904289261495
2906,px4,POSCTL,20260411_013959_px4_manual_random_pitch_r2,1.5719463399654445,1.5716874598265351,0.01707260600527044
2907,px4,POSCTL,20260411_013959_px4_manual_random_pitch_r2,1.5723692917751682,1.5735701380860458,0.01441150391964164
2908,px4,POSCTL,20260411_013959_px4_manual_random_pitch_r2,1.5727342665804873,1.575713116960044,0.009135916246480347
2909,px4,POSCTL,20260411_013959_px4_manual_random_pitch_r2,1.5728620922395529,1.577721260440265,0.007662619562239394
2910,px4,POSCTL,20260411_013959_px4_manual_random_pitch_r2,1.5729459590593742,1.5807997539607361,0.008972849652510119
2911,px4,POSCTL,20260411_013959_px4_manual_random_pitch_r2,1.5727498259162935,1.58265199724613,0.010674513179024733
2912,px4,POSCTL,20260411_013959_px4_manual_random_pitch_r2,1.5722482671066516,1.585056666173485,0.013420263466152906
2913,px4,POSCTL,20260411_013959_px4_manual_random_pitch_r2,1.571153449103106,1.5873155250059565,0.01716511283233471
2914,px4,POSCTL,20260411_013959_px4_manual_random_pitch_r2,1.5702847415248755,1.589536761175331,0.020133355727240756
2915,px4,POSCTL,20260411_013959_px4_manual_random_pitch_r2,1.5693735800731952,1.591032239995572,0.022210305841999227
2916,px4,POSCTL,20260411_013959_px4_manual_random_pitch_r2,1.5684949086234847,1.5914680944077453,0.02363401873811629
2917,px4,POSCTL,20260411_013959_px4_manual_random_pitch_r2,1.5674879748219823,1.5916652456624882,0.02495398598550434
2918,px4,POSCTL,20260411_013959_px4_manual_random_pitch_r2,1.5666915591235888,1.591465897343334,0.025631824838178406
2919,px4,POSCTL,20260411_013959_px4_manual_random_pitch_r2,1.565890816624097,1.5910454230538023,0.026135281883744647
2920,px4,POSCTL,20260411_013959_px4_manual_random_pitch_r2,1.565158194000743,1.5906260916779127,0.02678771942121281
2921,px4,POSCTL,20260411_013959_px4_manual_random_pitch_r2,1.564723734734857,1.5899012025832806,0.026340129645445912
2922,px4,POSCTL,20260411_013959_px4_manual_random_pitch_r2,1.5646093593998764,1.5890311323307902,0.02527645443358462
2923,px4,POSCTL,20260411_013959_px4_manual_random_pitch_r2,1.5645908051898674,1.588453604907489,0.024702956436418715
2924,px4,POSCTL,20260411_013959_px4_manual_random_pitch_r2,1.5646121084610367,1.5879702123102546,0.024042865338838083
2925,px4,POSCTL,20260411_013959_px4_manual_random_pitch_r2,1.5647337320988712,1.5874254052738885,0.023343417364082658
2926,px4,POSCTL,20260411_013959_px4_manual_random_pitch_r2,1.564851793232844,1.5870274373147617,0.022873249603456918
2927,px4,POSCTL,20260411_013959_px4_manual_random_pitch_r2,1.5652869665054228,1.5866187355178223,0.022183106158731418
2928,px4,POSCTL,20260411_013959_px4_manual_random_pitch_r2,1.5656827339778445,1.5862066785761797,0.021519093855037686
2929,px4,POSCTL,20260411_013959_px4_manual_random_pitch_r2,1.5662184213768475,1.5857936815031741,0.020652688362769393
2930,px4,POSCTL,20260411_013959_px4_manual_random_pitch_r2,1.5666356928612812,1.5856503209798032,0.02009270803565784
2931,px4,POSCTL,20260411_013959_px4_manual_random_pitch_r2,1.56703864353346,1.585610437290923,0.019563276531497083
2932,px4,POSCTL,20260411_013959_px4_manual_random_pitch_r2,1.5674863333277396,1.585467726045258,0.01899434388891355
2933,px4,POSCTL,20260411_013959_px4_manual_random_pitch_r2,1.5679690044429975,1.5854492467579606,0.018543421721467356
2934,px4,POSCTL,20260411_013959_px4_manual_random_pitch_r2,1.5686044023469468,1.5854817400672334,0.018017511606998483
2935,px4,POSCTL,20260411_013959_px4_manual_random_pitch_r2,1.5692031964937718,1.5854939920321776,0.01742198881587024
2936,px4,POSCTL,20260411_013959_px4_manual_random_pitch_r2,1.5697888202302475,1.5855958515078814,0.01690704897095449
2937,px4,POSCTL,20260411_013959_px4_manual_random_pitch_r2,1.5704971696642733,1.5856817971003332,0.016306395863692435
2938,px4,POSCTL,20260411_013959_px4_manual_random_pitch_r2,1.571245882423995,1.5857503090985388,0.015678576283180888
2939,px4,POSCTL,20260411_013959_px4_manual_random_pitch_r2,1.5717886345194467,1.585738780898075,0.015173388291935954
2940,px4,POSCTL,20260411_013959_px4_manual_random_pitch_r2,1.5725277720901953,1.5859014946754355,0.014715913613866602
2941,px4,POSCTL,20260411_013959_px4_manual_random_pitch_r2,1.5730850548578208,1.5859330569001973,0.014278252660557813
2942,px4,POSCTL,20260411_013959_px4_manual_random_pitch_r2,1.5734509079369299,1.5859547231842797,0.013934944601466041
2943,px4,POSCTL,20260411_013959_px4_manual_random_pitch_r2,1.5735826198848233,1.5859458713174421,0.013802274627777857
2944,px4,POSCTL,20260411_013959_px4_manual_random_pitch_r2,1.5736150812399567,1.5856711039893425,0.013432002515208102
2945,px4,POSCTL,20260411_013959_px4_manual_random_pitch_r2,1.5734839465904886,1.5853347684887433,0.01315010068628975
2946,px4,POSCTL,20260411_013959_px4_manual_random_pitch_r2,1.5733137257839294,1.584828040331272,0.012685622814146038
2947,px4,POSCTL,20260411_013959_px4_manual_random_pitch_r2,1.5731064035676146,1.584334312672496,0.012249185606622456
2948,px4,POSCTL,20260411_013959_px4_manual_random_pitch_r2,1.5728893393839158,1.5836791708765943,0.011682635341139433
2949,px4,POSCTL,20260411_013959_px4_manual_random_pitch_r2,1.572684217188522,1.5829213092252108,0.010938017960776777
2950,px4,POSCTL,20260411_013959_px4_manual_random_pitch_r2,1.5725816982696286,1.5822778763870513,0.010333466770559494
2951,px4,POSCTL,20260411_013959_px4_manual_random_pitch_r2,1.5724557489055664,1.5815873018314521,0.009761761939840232
2952,px4,POSCTL,20260411_013959_px4_manual_random_pitch_r2,1.572101202973848,1.5810178376338673,0.009447276970766005
2953,px4,POSCTL,20260411_013959_px4_manual_random_pitch_r2,1.5715849342867265,1.5805770580396616,0.009345300762089887
2954,px4,POSCTL,20260411_013959_px4_manual_random_pitch_r2,1.571273012858915,1.5798454279155492,0.008953026895773356
2955,px4,POSCTL,20260411_013959_px4_manual_random_pitch_r2,1.5709075310482454,1.578934610665126,0.00840897449340742
2956,px4,POSCTL,20260411_013959_px4_manual_random_pitch_r2,1.5704838238117333,1.578200927711151,0.008029441902002306
2957,px4,POSCTL,20260411_013959_px4_manual_random_pitch_r2,1.5701858527253978,1.5772016174288284,0.007359330727132026
2958,px4,POSCTL,20260411_013959_px4_manual_random_pitch_r2,1.570025593186182,1.5762657490833991,0.006553618423767606
2959,px4,POSCTL,20260411_013959_px4_manual_random_pitch_r2,1.5698628527531264,1.5756726513422756,0.00603749207682542
2960,px4,POSCTL,20260411_013959_px4_manual_random_pitch_r2,1.5699277212135716,1.5750625342494005,0.00540756382296115
2961,px4,POSCTL,20260411_013959_px4_manual_random_pitch_r2,1.5699929689942869,1.5744527529594659,0.004862351348620167
2962,px4,POSCTL,20260411_013959_px4_manual_random_pitch_r2,1.5701538788307667,1.5742423185255126,0.004626964867479524
2963,px4,POSCTL,20260411_013959_px4_manual_random_pitch_r2,1.5700508670337059,1.5740518092943707,0.00465649681615292
2964,px4,POSCTL,20260411_013959_px4_manual_random_pitch_r2,1.569786816869381,1.5739041333209118,0.004750214027336809
2965,px4,POSCTL,20260411_013959_px4_manual_random_pitch_r2,1.5693641380457652,1.5735808092255892,0.0047864890020668845
2966,px4,POSCTL,20260411_013959_px4_manual_random_pitch_r2,1.5688344572220618,1.573091137642218,0.004757946793840992
2967,px4,POSCTL,20260411_013959_px4_manual_random_pitch_r2,1.5684301272295997,1.572492032059216,0.004525549778631244
2968,px4,POSCTL,20260411_013959_px4_manual_random_pitch_r2,1.5680477957703343,1.57138506460962,0.0038900580393182614
2969,px4,POSCTL,20260411_013959_px4_manual_random_pitch_r2,1.5680049693952056,1.5707078136501609,0.0035173939432936933
2970,px4,POSCTL,20260411_013959_px4_manual_random_pitch_r2,1.56804879161551,1.569898689680838,0.003066863290191954
2971,px4,POSCTL,20260411_013959_px4_manual_random_pitch_r2,1.597600711785842,1.569478252277495,0.028228619846286235
2972,px4,POSCTL,20260411_013959_px4_manual_random_pitch_r2,1.595817125411204,1.569151336441593,0.026789471088167423
2973,px4,POSCTL,20260411_013959_px4_manual_random_pitch_r2,1.5913492078474611,1.5985325071104817,0.007577321814875742
2974,px4,POSCTL,20260411_013959_px4_manual_random_pitch_r2,1.5861454523362193,1.5962551463973051,0.010378344124039342
2975,px4,POSCTL,20260411_013959_px4_manual_random_pitch_r2,1.580988477096549,1.59210912354862,0.011347566651892833
2976,px4,POSCTL,20260411_013959_px4_manual_random_pitch_r2,1.5787663042377296,1.5862522837813502,0.007685101117919112
2977,px4,POSCTL,20260411_013959_px4_manual_random_pitch_r2,1.5780165529261072,1.5808437205318704,0.003217905000141021
2978,px4,POSCTL,20260411_013959_px4_manual_random_pitch_r2,1.577946557989688,1.578868661714354,0.0018318568469993112
2979,px4,POSCTL,20260411_013959_px4_manual_random_pitch_r2,1.5779939288105265,1.5776955073350265,0.001863249281374612
2980,px4,POSCTL,20260411_013959_px4_manual_random_pitch_r2,1.5788954415323797,1.57756487958284,0.002555348462398732
2981,px4,POSCTL,20260411_013959_px4_manual_random_pitch_r2,1.579789010696911,1.577534061067442,0.003264302217349064
2982,px4,POSCTL,20260411_013959_px4_manual_random_pitch_r2,1.5807228070382047,1.5782460963368272,0.00340324448006931
2983,px4,POSCTL,20260411_013959_px4_manual_random_pitch_r2,1.5814413524974986,1.579041403044962,0.0034235402398499044
2984,px4,POSCTL,20260411_013959_px4_manual_random_pitch_r2,1.5817078492406438,1.5798675137236808,0.003080503882066882
2985,px4,POSCTL,20260411_013959_px4_manual_random_pitch_r2,1.5818848659266433,1.5805244195273398,0.0026532327250425834
2986,px4,POSCTL,20260411_013959_px4_manual_random_pitch_r2,1.5816636599845757,1.580711119413962,0.0023259405302064906
2987,px4,POSCTL,20260411_013959_px4_manual_random_pitch_r2,1.5804886265168785,1.580901850580748,0.0017909641469241446
2988,px4,POSCTL,20260411_013959_px4_manual_random_pitch_r2,1.5783122628271502,1.580590734215199,0.002698551984875019
2989,px4,POSCTL,20260411_013959_px4_manual_random_pitch_r2,1.576157885852552,1.5795254048333438,0.0036582396190846756
2990,px4,POSCTL,20260411_013959_px4_manual_random_pitch_r2,1.5742923025972841,1.5776357934899565,0.0037593648459307515
2991,px4,POSCTL,20260411_013959_px4_manual_random_pitch_r2,1.572800466482042,1.5754655045975068,0.0033111648868525407
2992,px4,POSCTL,20260411_013959_px4_manual_random_pitch_r2,1.5703480659946416,1.5736671625256529,0.004352499623310374
2993,px4,POSCTL,20260411_013959_px4_manual_random_pitch_r2,1.5683774998992392,1.5720066498254346,0.005615598021474045
2994,px4,POSCTL,20260411_013959_px4_manual_random_pitch_r2,1.5670762858170857,1.5700683133503994,0.005094580484795212
2995,px4,POSCTL,20260411_013959_px4_manual_random_pitch_r2,1.566072346153509,1.5683398411736365,0.004091317051233365
2996,px4,POSCTL,20260411_013959_px4_manual_random_pitch_r2,1.5649040606235811,1.5667390513202926,0.003856212592875485
2997,px4,POSCTL,20260411_013959_px4_manual_random_pitch_r2,1.5638199925094902,1.5659204209657678,0.0038717992232265787
2998,px4,POSCTL,20260411_013959_px4_manual_random_pitch_r2,1.5625898777884664,1.5648806386849299,0.004000960649564291
2999,px4,POSCTL,20260411_013959_px4_manual_random_pitch_r2,1.5619448265495994,1.5639298879393673,0.0036399833727915917
3000,px4,POSCTL,20260411_013959_px4_manual_random_pitch_r2,1.5609783866309064,1.56288498454426,0.003488121256078665
3001,px4,POSCTL,20260411_013959_px4_manual_random_pitch_r2,1.5606167392993076,1.5622642628301981,0.0032940980875979485
3002,px4,POSCTL,20260411_013959_px4_manual_random_pitch_r2,1.5602659715385037,1.5615039158473398,0.002866534853818705
3003,px4,POSCTL,20260411_013959_px4_manual_random_pitch_r2,1.5603477348426402,1.5612178193193886,0.0027265088622974902
3004,px4,POSCTL,20260411_013959_px4_manual_random_pitch_r2,1.5607236103493436,1.561008977039218,0.0024875555283052865
3005,px4,POSCTL,20260411_013959_px4_manual_random_pitch_r2,1.5610482375429457,1.561220576351193,0.0026819241596289906
3006,px4,POSCTL,20260411_013959_px4_manual_random_pitch_r2,1.5615292277466974,1.5617333123393748,0.0026032836683556482
3007,px4,POSCTL,20260411_013959_px4_manual_random_pitch_r2,1.5622316986513312,1.5620905455155254,0.002536146991701735
3008,px4,POSCTL,20260411_013959_px4_manual_random_pitch_r2,1.5626662975652086,1.562611885148314,0.0024505639718909577
3009,px4,POSCTL,20260411_013959_px4_manual_random_pitch_r2,1.5633628687244108,1.5633563381429774,0.002209362339306089
3010,px4,POSCTL,20260411_013959_px4_manual_random_pitch_r2,1.563864029289901,1.563765746827977,0.002101836958012222
3011,px4,POSCTL,20260411_013959_px4_manual_random_pitch_r2,1.5643165570201962,1.5643708104654395,0.0018952777424206422
3012,px4,POSCTL,20260411_013959_px4_manual_random_pitch_r2,1.564986146972353,1.5647293731649563,0.0019521885247394226
3013,px4,POSCTL,20260411_013959_px4_manual_random_pitch_r2,1.5657579683257736,1.564956199371444,0.0022853468736759503
3014,px4,POSCTL,20260411_013959_px4_manual_random_pitch_r2,1.5665292655371321,1.5654609862917352,0.002217162640632159
3015,px4,POSCTL,20260411_013959_px4_manual_random_pitch_r2,1.5676376709569841,1.565977522724642,0.0026445022785485245
3016,px4,POSCTL,20260411_013959_px4_manual_random_pitch_r2,1.5684193392113108,1.5665575523990014,0.002608926280537153
3017,px4,POSCTL,20260411_013959_px4_manual_random_pitch_r2,1.5691376454567856,1.567357877190492,0.002391746918600167
3018,px4,POSCTL,20260411_013959_px4_manual_random_pitch_r2,1.5703123451588539,1.5680767804209552,0.0034319557944326624
3019,px4,POSCTL,20260411_013959_px4_manual_random_pitch_r2,1.5708521891561982,1.5686911270029935,0.0034312048321960883
3020,px4,POSCTL,20260411_013959_px4_manual_random_pitch_r2,1.5714684760310735,1.5696689856871673,0.003075990014052332
3021,px4,POSCTL,20260411_013959_px4_manual_random_pitch_r2,1.5720026939277048,1.5701458831989312,0.0032038717228168997
3022,px4,POSCTL,20260411_013959_px4_manual_random_pitch_r2,1.5726183285477127,1.570700343022765,0.003552466705755676
3023,px4,POSCTL,20260411_013959_px4_manual_random_pitch_r2,1.5730046314754227,1.5712413747223142,0.0031883706988470204
3024,px4,POSCTL,20260411_013959_px4_manual_random_pitch_r2,1.573178244801885,1.57179425886976,0.0023546453288055226
3025,px4,POSCTL,20260411_013959_px4_manual_random_pitch_r2,1.573145633251192,1.5722030993995744,0.0020539852410657185
3026,px4,POSCTL,20260411_013959_px4_manual_random_pitch_r2,1.5728330363212324,1.5723138681807516,0.0019942870923759072
3027,px4,POSCTL,20260411_013959_px4_manual_random_pitch_r2,1.5724994604316174,1.5722376297519312,0.0017518674864100278
3028,px4,POSCTL,20260411_013959_px4_manual_random_pitch_r2,1.5720733306191967,1.5718357434117394,0.001678183696013707
3029,px4,POSCTL,20260411_013959_px4_manual_random_pitch_r2,1.5716628600139524,1.5714580354539744,0.0021250296451430424
3030,px4,POSCTL,20260411_013959_px4_manual_random_pitch_r2,1.5712605037850589,1.571002901389628,0.0024225189965017234
3031,px4,POSCTL,20260411_013959_px4_manual_random_pitch_r2,1.5710576671538399,1.5706100058252288,0.002355954991051675
3032,px4,POSCTL,20260411_013959_px4_manual_random_pitch_r2,1.5707772026516085,1.5702123686401304,0.0028070791451252184
3033,px4,POSCTL,20260411_013959_px4_manual_random_pitch_r2,1.5704912358596312,1.5699833759272317,0.0034311648190310444
3034,px4,POSCTL,20260411_013959_px4_manual_random_pitch_r2,1.5702231320301119,1.569912957386257,0.0033876286488954983
3035,px4,POSCTL,20260411_013959_px4_manual_random_pitch_r2,1.5700364143819328,1.5697949221344796,0.0033123910641297957
3036,px4,POSCTL,20260411_013959_px4_manual_random_pitch_r2,1.5698587485348976,1.5696868336027014,0.0032434908408076834
3037,px4,POSCTL,20260411_013959_px4_manual_random_pitch_r2,1.5696487696744195,1.569670505187772,0.003325249318601696
3038,px4,POSCTL,20260411_013959_px4_manual_random_pitch_r2,1.5695062368800654,1.5695413072078788,0.003279891149347274
3039,px4,POSCTL,20260411_013959_px4_manual_random_pitch_r2,1.5691626587570184,1.5694290959666422,0.0035781841450925563
3040,px4,POSCTL,20260411_013959_px4_manual_random_pitch_r2,1.5688530562300194,1.569345595649315,0.0038374069419900765
3041,px4,POSCTL,20260411_013959_px4_manual_random_pitch_r2,1.568424848236822,1.5691461431749263,0.004059038874922488
3042,px4,POSCTL,20260411_013959_px4_manual_random_pitch_r2,1.5680474372207243,1.5688762881834282,0.005711077414113165
3043,px4,POSCTL,20260411_013959_px4_manual_random_pitch_r2,1.5683541968719479,1.5685648483417458,0.04834050705925605
3044,px4,POSCTL,20260411_013959_px4_manual_random_pitch_r2,1.5762608300037755,1.5683417284290002,0.1646237190273545
3045,px4,POSCTL,20260411_013959_px4_manual_random_pitch_r2,1.5770225937685123,1.5695086312488498,0.1483518495845512
3046,px4,POSCTL,20260411_013959_px4_manual_random_pitch_r2,1.5716083967386387,1.5769114557051265,0.055988866288931176
3047,px4,POSCTL,20260411_013959_px4_manual_random_pitch_r2,1.566866422888251,1.575762020159438,0.06411974376562912
3048,px4,POSCTL,20260411_013959_px4_manual_random_pitch_r2,1.5651137372592845,1.5707354283439328,0.09033039770416322
3049,px4,POSCTL,20260411_013959_px4_manual_random_pitch_r2,1.5652420797520585,1.5650358518175627,0.08307530587615297
3050,px4,POSCTL,20260411_013959_px4_manual_random_pitch_r2,1.5657387814071093,1.5613803409017286,0.063021828222138
3051,px4,POSCTL,20260411_013959_px4_manual_random_pitch_r2,1.566018671020945,1.5593291142067431,0.04764401653867449
3052,px4,POSCTL,20260411_013959_px4_manual_random_pitch_r2,1.5657963908402406,1.5585998075048264,0.03415824667751131
3053,px4,POSCTL,20260411_013959_px4_manual_random_pitch_r2,1.5654685703646678,1.5583646695647857,0.026141986710282738
3054,px4,POSCTL,20260411_013959_px4_manual_random_pitch_r2,1.5650503444616788,1.5580337265796345,0.018449949219848383
3055,px4,POSCTL,20260411_013959_px4_manual_random_pitch_r2,1.5648044012730318,1.55791498775206,0.01714899780755462
3056,px4,POSCTL,20260411_013959_px4_manual_random_pitch_r2,1.5644981788660826,1.5578613142572342,0.01718002858521648
3057,px4,POSCTL,20260411_013959_px4_manual_random_pitch_r2,1.5643164884916263,1.5578310792555417,0.016678264165877536
3058,px4,POSCTL,20260411_013959_px4_manual_random_pitch_r2,1.5639802602593325,1.5580461250706608,0.016168671574300197
3059,px4,POSCTL,20260411_013959_px4_manual_random_pitch_r2,1.5635238229497557,1.5583290769722742,0.012883606444519347
3060,px4,POSCTL,20260411_013959_px4_manual_random_pitch_r2,1.5632902794979042,1.558734644658582,0.01581206620717326
3061,px4,POSCTL,20260411_013959_px4_manual_random_pitch_r2,1.5633147478664198,1.5591509028766548,0.012732042779961695
3062,px4,POSCTL,20260411_013959_px4_manual_random_pitch_r2,1.5633680300345167,1.5595234877872122,0.010259428941042002
3063,px4,POSCTL,20260411_013959_px4_manual_random_pitch_r2,1.5635978647124942,1.5598814830005527,0.009216185131697458
3064,px4,POSCTL,20260411_013959_px4_manual_random_pitch_r2,1.5640031112004165,1.5601012710409141,0.011453151225694427
3065,px4,POSCTL,20260411_013959_px4_manual_random_pitch_r2,1.5644527496609009,1.560303134044794,0.014541858424622283
3066,px4,POSCTL,20260411_013959_px4_manual_random_pitch_r2,1.5649940487577279,1.560518062816972,0.012124652308570055
3067,px4,POSCTL,20260411_013959_px4_manual_random_pitch_r2,1.5656724662505987,1.568460901431254,0.025166981487484072
3068,px4,POSCTL,20260411_013959_px4_manual_random_pitch_r2,1.566312174159097,1.5690163113274727,0.02565583007344302
3069,px4,POSCTL,20260411_013959_px4_manual_random_pitch_r2,1.566952000511122,1.5698300586811575,0.02542533208757809
3070,px4,POSCTL,20260411_013959_px4_manual_random_pitch_r2,1.567588784033441,1.5705797396788608,0.025900885377614168
3071,px4,POSCTL,20260411_013959_px4_manual_random_pitch_r2,1.5678421780743526,1.5713266033079565,0.026206426036328587
3072,px4,POSCTL,20260411_013959_px4_manual_random_pitch_r2,1.568904836626307,1.5719965737939972,0.02858796878987582
3073,px4,POSCTL,20260411_013959_px4_manual_random_pitch_r2,1.5696059997229659,1.5559509602295925,0.035090952731978514
3074,px4,POSCTL,20260411_013959_px4_manual_random_pitch_r2,1.5700901378807448,1.55711962149335,0.03501264765718712
3075,px4,POSCTL,20260411_013959_px4_manual_random_pitch_r2,1.5708433225414928,1.5577729835129794,0.035575017691452236
3076,px4,POSCTL,20260411_013959_px4_manual_random_pitch_r2,1.571414496795731,1.5580533814689954,0.035733271514285965
3077,px4,POSCTL,20260411_013959_px4_manual_random_pitch_r2,1.5718811901518657,1.558334226317225,0.036293082160176265
3078,px4,POSCTL,20260411_013959_px4_manual_random_pitch_r2,1.5719396383076618,1.5586248568828733,0.03597545788100782
3079,px4,POSCTL,20260411_013959_px4_manual_random_pitch_r2,1.571775499828706,1.5676089056218447,0.01336440813415847
3080,px4,POSCTL,20260411_013959_px4_manual_random_pitch_r2,1.5713536816944018,1.5679148038936674,0.01445089003783407
3081,px4,POSCTL,20260411_013959_px4_manual_random_pitch_r2,1.5709465927896442,1.5680873883618067,0.017478573821966863
3082,px4,POSCTL,20260411_013959_px4_manual_random_pitch_r2,1.5703631365228712,1.5680924493213224,0.020606995275282966
3083,px4,POSCTL,20260411_013959_px4_manual_random_pitch_r2,1.56981721853672,1.567985233304065,0.020790577362250023
3084,px4,POSCTL,20260411_013959_px4_manual_random_pitch_r2,1.5685244115610244,1.5679239630487891,0.017643877630296238
3085,px4,POSCTL,20260411_013959_px4_manual_random_pitch_r2,1.5678222578136431,1.5670939200728973,0.017033779331831398
3086,px4,POSCTL,20260411_013959_px4_manual_random_pitch_r2,1.5671015876352308,1.5665132814068798,0.01629465645839323
3087,px4,POSCTL,20260411_013959_px4_manual_random_pitch_r2,1.5663366905945344,1.5661589149487136,0.017894899562186047
3088,px4,POSCTL,20260411_013959_px4_manual_random_pitch_r2,1.5657161802479425,1.5657330811723278,0.017202136517301802
3089,px4,POSCTL,20260411_013959_px4_manual_random_pitch_r2,1.5651443086028158,1.565284371065401,0.015952425204834864
3090,px4,POSCTL,20260411_013959_px4_manual_random_pitch_r2,1.5645065409961811,1.5648658512137537,0.015503404862377142
3091,px4,POSCTL,20260411_013959_px4_manual_random_pitch_r2,1.5637614869352883,1.5628249951860198,0.016892331086928784
3092,px4,POSCTL,20260411_013959_px4_manual_random_pitch_r2,1.5630878378294935,1.56239280631996,0.017457311780088827
3093,px4,POSCTL,20260411_013959_px4_manual_random_pitch_r2,1.5621887387332398,1.561896501332316,0.02309461119599963
3094,px4,POSCTL,20260411_013959_px4_manual_random_pitch_r2,1.5616191083482067,1.5610865490364714,0.020460097005195365
3095,px4,POSCTL,20260411_013959_px4_manual_random_pitch_r2,1.5611753791650096,1.5602220327890486,0.021139896296749238
3096,px4,POSCTL,20260411_013959_px4_manual_random_pitch_r2,1.5606403408838945,1.5596366403751296,0.018386086262480318
3097,px4,POSCTL,20260411_013959_px4_manual_random_pitch_r2,1.5602393422359497,1.5516067989622977,0.042184381174601056
3098,px4,POSCTL,20260411_013959_px4_manual_random_pitch_r2,1.5597832282982236,1.5511595233117255,0.03987801658446441
3099,px4,POSCTL,20260411_013959_px4_manual_random_pitch_r2,1.5593428385004533,1.5507564945083128,0.03706390535094394
3100,px4,POSCTL,20260411_013959_px4_manual_random_pitch_r2,1.5591924884641366,1.5500062759760014,0.03984050769224167
3101,px4,POSCTL,20260411_013959_px4_manual_random_pitch_r2,1.5594283893344556,1.5488675127479048,0.04020463573259844
3102,px4,POSCTL,20260411_013959_px4_manual_random_pitch_r2,1.5596172604885765,1.5675679763479493,0.041280714710109946
3103,px4,POSCTL,20260411_013959_px4_manual_random_pitch_r2,1.5598467448396756,1.567437287486646,0.03929054802121949
3104,px4,POSCTL,20260411_013959_px4_manual_random_pitch_r2,1.560114435265115,1.5674083556905944,0.03760523968115441
3105,px4,POSCTL,20260411_013959_px4_manual_random_pitch_r2,1.5603898344491578,1.5676762358030432,0.03333762423238892
3106,px4,POSCTL,20260411_013959_px4_manual_random_pitch_r2,1.5608738339941228,1.568124647598583,0.03567362434624225
3107,px4,POSCTL,20260411_013959_px4_manual_random_pitch_r2,1.5615801660002389,1.5688346851490897,0.031183901083077906
3108,px4,POSCTL,20260411_013959_px4_manual_random_pitch_r2,1.5621796382677398,1.570089627720402,0.0315506426491751
3109,px4,POSCTL,20260411_013959_px4_manual_random_pitch_r2,1.562792661500764,1.5677555727349495,0.01979952168158479
3110,px4,POSCTL,20260411_013959_px4_manual_random_pitch_r2,1.56329547171233,1.5686379661328242,0.0215662999884819
3111,px4,POSCTL,20260411_013959_px4_manual_random_pitch_r2,1.5638037914892866,1.5693526888307336,0.02541223092887435
3112,px4,POSCTL,20260411_013959_px4_manual_random_pitch_r2,1.564041760481248,1.5703051990046621,0.02463118558218785
3113,px4,POSCTL,20260411_013959_px4_manual_random_pitch_r2,1.5645885462458429,1.571058999391435,0.02474260967257594
3114,px4,POSCTL,20260411_013959_px4_manual_random_pitch_r2,1.5649068499915457,1.5713771546880864,0.026604980665234423
3115,px4,POSCTL,20260411_013959_px4_manual_random_pitch_r2,1.5651574902922998,1.5604166580161276,0.022418791459084146
3116,px4,POSCTL,20260411_013959_px4_manual_random_pitch_r2,1.5652985932899468,1.5607554007659934,0.021100176016801846
3117,px4,POSCTL,20260411_013959_px4_manual_random_pitch_r2,1.565413666307596,1.5609764099475236,0.02018463614014104
3118,px4,POSCTL,20260411_013959_px4_manual_random_pitch_r2,1.5654725900295117,1.5610658472095507,0.023410309147789434
3119,px4,POSCTL,20260411_013959_px4_manual_random_pitch_r2,1.5655622008080599,1.5612074923229047,0.024054387834984692
3120,px4,POSCTL,20260411_013959_px4_manual_random_pitch_r2,1.5657860372254337,1.5612523061233372,0.031076343727121706
3121,px4,POSCTL,20260411_013959_px4_manual_random_pitch_r2,1.5658612089069226,1.5597265486813132,0.03769959432028403
3122,px4,POSCTL,20260411_013959_px4_manual_random_pitch_r2,1.5658442947757343,1.5595397122424708,0.03884740054959013
3123,px4,POSCTL,20260411_013959_px4_manual_random_pitch_r2,1.5656114539003172,1.559589836296289,0.04270920952976228
3124,px4,POSCTL,20260411_013959_px4_manual_random_pitch_r2,1.5652490739624292,1.5594526338220156,0.040545881634261385
3125,px4,POSCTL,20260411_013959_px4_manual_random_pitch_r2,1.5647139459083446,1.5593180572576786,0.03885736428846283
3126,px4,POSCTL,20260411_013959_px4_manual_random_pitch_r2,1.5641280127689559,1.5591358711667076,0.034768529960631095
3127,px4,POSCTL,20260411_013959_px4_manual_random_pitch_r2,1.5633215660215978,1.5747589545432439,0.03472433547357433
3128,px4,POSCTL,20260411_013959_px4_manual_random_pitch_r2,1.562504145574914,1.5744925636549363,0.03185717093839342
3129,px4,POSCTL,20260411_013959_px4_manual_random_pitch_r2,1.5618631317175335,1.573965996621432,0.03101725437686863
3130,px4,POSCTL,20260411_013959_px4_manual_random_pitch_r2,1.5615416558645745,1.5734034134986876,0.03093567979191458
3131,px4,POSCTL,20260411_013959_px4_manual_random_pitch_r2,1.5613569174464004,1.572836984176758,0.03069342712771177
3132,px4,POSCTL,20260411_013959_px4_manual_random_pitch_r2,1.5612427822043633,1.572588063610996,0.031186520905886216
3133,px4,POSCTL,20260411_013959_px4_manual_random_pitch_r2,1.5610993848434154,1.5678801592849718,0.018539493697446306
3134,px4,POSCTL,20260411_013959_px4_manual_random_pitch_r2,1.5610062076871514,1.5676102472117912,0.018521407277845663
3135,px4,POSCTL,20260411_013959_px4_manual_random_pitch_r2,1.560920985007773,1.5672877420599118,0.019464638974214066
3136,px4,POSCTL,20260411_013959_px4_manual_random_pitch_r2,1.5603973382398755,1.5671098412136844,0.020489708966350956
3137,px4,POSCTL,20260411_013959_px4_manual_random_pitch_r2,1.5600038735122421,1.5669570000059356,0.022560407031910548
3138,px4,POSCTL,20260411_013959_px4_manual_random_pitch_r2,1.5596256190597468,1.566361893803579,0.02455511366030867
3139,px4,POSCTL,20260411_013959_px4_manual_random_pitch_r2,1.559547288387854,1.5653423030685176,0.023209417533533276
3140,px4,POSCTL,20260411_013959_px4_manual_random_pitch_r2,1.5595072503643124,1.5648071904232779,0.02306700053326629
3141,px4,POSCTL,20260411_013959_px4_manual_random_pitch_r2,1.5595733394274751,1.5645571490737988,0.021294147761072087
3142,px4,POSCTL,20260411_013959_px4_manual_random_pitch_r2,1.5603356318938197,1.5642794738597838,0.020660116976197254
3143,px4,POSCTL,20260411_013959_px4_manual_random_pitch_r2,1.5608625100289426,1.5641724696378334,0.01858600883954261
3144,px4,POSCTL,20260411_013959_px4_manual_random_pitch_r2,1.5616103306540527,1.5646437036031369,0.017653053608062717
3145,px4,POSCTL,20260411_013959_px4_manual_random_pitch_r2,1.5623940172799584,1.5591018566508794,0.017467285799937032
3146,px4,POSCTL,20260411_013959_px4_manual_random_pitch_r2,1.5633162838616526,1.5597180079411461,0.016269609800712365
3147,px4,POSCTL,20260411_013959_px4_manual_random_pitch_r2,1.5640274452583296,1.5605153830811327,0.013098458229287537
3148,px4,POSCTL,20260411_013959_px4_manual_random_pitch_r2,1.5645978267027456,1.5611666591675606,0.013333981401746256
3149,px4,POSCTL,20260411_013959_px4_manual_random_pitch_r2,1.5651608359955593,1.5615963462642761,0.017036693510137108
3150,px4,POSCTL,20260411_013959_px4_manual_random_pitch_r2,1.56539639582292,1.5619360255941357,0.021964753451427562
3151,px4,POSCTL,20260411_013959_px4_manual_random_pitch_r2,1.565617344535158,1.568871985377366,0.02392797770214855
3152,px4,POSCTL,20260411_013959_px4_manual_random_pitch_r2,1.5656703453871788,1.568921984179753,0.01960163499732474
3153,px4,POSCTL,20260411_013959_px4_manual_random_pitch_r2,1.5655558123640319,1.5690852986916997,0.019544650249101916
3154,px4,POSCTL,20260411_013959_px4_manual_random_pitch_r2,1.5653481932925157,1.5691339296599416,0.01931411526675363
3155,px4,POSCTL,20260411_013959_px4_manual_random_pitch_r2,1.5651792067557766,1.5689730191973663,0.01872022220389827
3156,px4,POSCTL,20260411_013959_px4_manual_random_pitch_r2,1.565031717627717,1.5687105599247406,0.019056789394914793
3157,px4,POSCTL,20260411_013959_px4_manual_random_pitch_r2,1.5648270711328576,1.562471648027787,0.014082754330153824
3158,px4,POSCTL,20260411_013959_px4_manual_random_pitch_r2,1.5646232972100567,1.562225385130156,0.013605737274125845
3159,px4,POSCTL,20260411_013959_px4_manual_random_pitch_r2,1.5643532609828257,1.5621588470185626,0.015331365088173319
3160,px4,POSCTL,20260411_013959_px4_manual_random_pitch_r2,1.5640538486942461,1.5620713835147984,0.01802747474756212
3161,px4,POSCTL,20260411_013959_px4_manual_random_pitch_r2,1.5637460591116055,1.5620201342025652,0.019246770019435956
3162,px4,POSCTL,20260411_013959_px4_manual_random_pitch_r2,1.563476867952567,1.5738035073777812,0.0383877973741174
3163,px4,POSCTL,20260411_013959_px4_manual_random_pitch_r2,1.5633571396696813,1.5735822903493428,0.041634136379836074
3164,px4,POSCTL,20260411_013959_px4_manual_random_pitch_r2,1.5631498085488214,1.5733957906678988,0.043494211278581316
3165,px4,POSCTL,20260411_013959_px4_manual_random_pitch_r2,1.5630319789427225,1.573155131316167,0.04085468519579143
3166,px4,POSCTL,20260411_013959_px4_manual_random_pitch_r2,1.562926270553663,1.5728454754381347,0.03926590670375311
3167,px4,POSCTL,20260411_013959_px4_manual_random_pitch_r2,1.562817072510707,1.5727376545555243,0.03820234459209118
3168,px4,POSCTL,20260411_013959_px4_manual_random_pitch_r2,1.5627235760911573,1.5726721023059094,0.03747623152744914
3169,px4,POSCTL,20260411_013959_px4_manual_random_pitch_r2,1.56264350662431,1.5629834329836634,0.016306911542565576
3170,px4,POSCTL,20260411_013959_px4_manual_random_pitch_r2,1.562557753710607,1.56293161379466,0.03796860707574938
3171,px4,POSCTL,20260411_013959_px4_manual_random_pitch_r2,1.5631064055379627,1.562850720159251,0.06218794372422308
3172,px4,POSCTL,20260411_013959_px4_manual_random_pitch_r2,1.5631334008864441,1.5637308079248262,0.040171558860571506
3173,px4,POSCTL,20260411_013959_px4_manual_random_pitch_r2,1.5628814564501068,1.5645875222071137,0.03278181925890097
3174,px4,POSCTL,20260411_013959_px4_manual_random_pitch_r2,1.5626063377287003,1.5646743094489308,0.03717457215890084
3175,px4,POSCTL,20260411_013959_px4_manual_random_pitch_r2,1.5623932287757802,1.559797458057107,0.04188364301252459
3176,px4,POSCTL,20260411_013959_px4_manual_random_pitch_r2,1.562173060239756,1.559384150204813,0.03822852271195877
3177,px4,POSCTL,20260411_013959_px4_manual_random_pitch_r2,1.5620987376708089,1.5589737420376484,0.03459934799825141
3178,px4,POSCTL,20260411_013959_px4_manual_random_pitch_r2,1.5622252178660767,1.5585182280071708,0.02910344961424218
3179,px4,POSCTL,20260411_013959_px4_manual_random_pitch_r2,1.5625858332027014,1.558280504529212,0.0324259114050422
3180,px4,POSCTL,20260411_013959_px4_manual_random_pitch_r2,1.5630525347482878,1.5582925183875946,0.03825849885028942
3181,px4,POSCTL,20260411_013959_px4_manual_random_pitch_r2,1.563281638467416,1.5672151389662345,0.03772167271125313
3182,px4,POSCTL,20260411_013959_px4_manual_random_pitch_r2,1.5633489070547688,1.5676528738817932,0.043307838309072894
3183,px4,POSCTL,20260411_013959_px4_manual_random_pitch_r2,1.5633434221483722,1.5678510651909938,0.04421166077630474
3184,px4,POSCTL,20260411_013959_px4_manual_random_pitch_r2,1.5634641516840364,1.5677903001426812,0.03490100468331364
3185,px4,POSCTL,20260411_013959_px4_manual_random_pitch_r2,1.5636470357721535,1.567815631384785,0.02751473489530824
3186,px4,POSCTL,20260411_013959_px4_manual_random_pitch_r2,1.563967784304964,1.5681227728164662,0.02572984658557157
3187,px4,POSCTL,20260411_013959_px4_manual_random_pitch_r2,1.5641129746792044,1.5634222148585806,0.010462732938530644
3188,px4,POSCTL,20260411_013959_px4_manual_random_pitch_r2,1.5642411388206774,1.5638172442740235,0.010477686331422131
3189,px4,POSCTL,20260411_013959_px4_manual_random_pitch_r2,1.564457827491928,1.5639396169021227,0.013675587212376146
3190,px4,POSCTL,20260411_013959_px4_manual_random_pitch_r2,1.5646447012990912,1.5638930568333618,0.012314233294277135
3191,px4,POSCTL,20260411_013959_px4_manual_random_pitch_r2,1.5647277504512953,1.5640320939365109,0.013197225119862436
3192,px4,POSCTL,20260411_013959_px4_manual_random_pitch_r2,1.5649106556110877,1.5642284796350985,0.015335235823092994
3193,px4,POSCTL,20260411_013959_px4_manual_random_pitch_r2,1.5651921428357103,1.5642810879494689,0.01947828114476963
3194,px4,POSCTL,20260411_013959_px4_manual_random_pitch_r2,1.5655997852928123,1.564380142181639,0.027774602849035518
3195,px4,POSCTL,20260411_013959_px4_manual_random_pitch_r2,1.5683451760409706,1.564508417098014,0.09619440671719429
3196,px4,POSCTL,20260411_013959_px4_manual_random_pitch_r2,1.567162133872499,1.5652608160385464,0.05441456442406197
3197,px4,POSCTL,20260411_013959_px4_manual_random_pitch_r2,1.5654552244240458,1.5683601869520165,0.06299616290253778
3198,px4,POSCTL,20260411_013959_px4_manual_random_pitch_r2,1.5663164257326312,1.5672205476803323,0.10214997861025459
3199,px4,POSCTL,20260411_013959_px4_manual_random_pitch_r2,1.5665811058548436,1.5646966838525043,0.06724667750194659
3200,px4,POSCTL,20260411_013959_px4_manual_random_pitch_r2,1.5661862707342378,1.5638389295332034,0.05391858749346173
3201,px4,POSCTL,20260411_013959_px4_manual_random_pitch_r2,1.5662424240074884,1.5634275443818269,0.026950327711680454
3202,px4,POSCTL,20260411_013959_px4_manual_random_pitch_r2,1.5661734449191822,1.5634736317449567,0.0346960920176249
3203,px4,POSCTL,20260411_013959_px4_manual_random_pitch_r2,1.5658051325755091,1.5636593944638886,0.041389922218794846
3204,px4,POSCTL,20260411_013959_px4_manual_random_pitch_r2,1.565210303519965,1.5636246461260577,0.04380614847953086
3205,px4,POSCTL,20260411_013959_px4_manual_random_pitch_r2,1.5649245239131355,1.5633382599348824,0.04224590826902722
3208,px4,POSCTL,20260411_014052_px4_manual_sweep_pitch_r1,1.5685796035735464,1.5676985961067824,0.002200113694521589
3209,px4,POSCTL,20260411_014052_px4_manual_sweep_pitch_r1,1.5685012555641227,1.5675000314085348,0.002172154552571132
3210,px4,POSCTL,20260411_014052_px4_manual_sweep_pitch_r1,1.5683765489744181,1.5673878457206747,0.0016124853640438128
3211,px4,POSCTL,20260411_014052_px4_manual_sweep_pitch_r1,1.5682125885304201,1.5673079340349283,0.001845231535604552
3212,px4,POSCTL,20260411_014052_px4_manual_sweep_pitch_r1,1.5681262868574193,1.5672040763027009,0.0020164006477324404
3213,px4,POSCTL,20260411_014052_px4_manual_sweep_pitch_r1,1.5680668549794703,1.5670634533054415,0.001963138967887688
3214,px4,POSCTL,20260411_014052_px4_manual_sweep_pitch_r1,1.5680227374812872,1.5669337108412154,0.0021854599562329048
3215,px4,POSCTL,20260411_014052_px4_manual_sweep_pitch_r1,1.5680144890690062,1.5668528221249813,0.0020715574518384186
3216,px4,POSCTL,20260411_014052_px4_manual_sweep_pitch_r1,1.5680251465904298,1.5667517170830898,0.0020937825949354054
3217,px4,POSCTL,20260411_014052_px4_manual_sweep_pitch_r1,1.568092996479457,1.5666840592513909,0.0025150627537961347
3218,px4,POSCTL,20260411_014052_px4_manual_sweep_pitch_r1,1.5682065482499516,1.5666508876554621,0.0022954398025339263
3219,px4,POSCTL,20260411_014052_px4_manual_sweep_pitch_r1,1.5682976409425293,1.5667475127808355,0.0021351388541403153
3220,px4,POSCTL,20260411_014052_px4_manual_sweep_pitch_r1,1.5684035774035603,1.5668760503287935,0.002393317484103348
3221,px4,POSCTL,20260411_014052_px4_manual_sweep_pitch_r1,1.5684628529930034,1.5669972476158351,0.002204399120172671
3222,px4,POSCTL,20260411_014052_px4_manual_sweep_pitch_r1,1.5686132884402748,1.5670706962130774,0.002473873173746813
3223,px4,POSCTL,20260411_014052_px4_manual_sweep_pitch_r1,1.568699409163234,1.567108557754725,0.002419406544151097
3224,px4,POSCTL,20260411_014052_px4_manual_sweep_pitch_r1,1.5687920844810712,1.5671967325983682,0.0023615122757862906
3225,px4,POSCTL,20260411_014052_px4_manual_sweep_pitch_r1,1.5688252923060029,1.567211400551602,0.0024749132678918008
3226,px4,POSCTL,20260411_014052_px4_manual_sweep_pitch_r1,1.5688168863898373,1.567245149089022,0.0020989378153972353
3227,px4,POSCTL,20260411_014052_px4_manual_sweep_pitch_r1,1.5688155676518323,1.5672352197025654,0.002171300581400977
3228,px4,POSCTL,20260411_014052_px4_manual_sweep_pitch_r1,1.5688589048533408,1.5672087386201488,0.002599362169167405
3229,px4,POSCTL,20260411_014052_px4_manual_sweep_pitch_r1,1.5689013614961898,1.5671785872866246,0.0025194167885055773
3230,px4,POSCTL,20260411_014052_px4_manual_sweep_pitch_r1,1.5689357393359722,1.5671980152914924,0.0022974536965337205
3231,px4,POSCTL,20260411_014052_px4_manual_sweep_pitch_r1,1.5688599653080992,1.567226222042081,0.0023016256039212093
3232,px4,POSCTL,20260411_014052_px4_manual_sweep_pitch_r1,1.568761784507784,1.567240975912899,0.0022813111133019887
3233,px4,POSCTL,20260411_014052_px4_manual_sweep_pitch_r1,1.568683837057776,1.5671471657377924,0.0023817308547812465
3234,px4,POSCTL,20260411_014052_px4_manual_sweep_pitch_r1,1.5686080009670786,1.5670428543630355,0.0024691831732311883
3235,px4,POSCTL,20260411_014052_px4_manual_sweep_pitch_r1,1.5685100640243907,1.5669544670199658,0.002493235017034224
3236,px4,POSCTL,20260411_014052_px4_manual_sweep_pitch_r1,1.5684326488051388,1.5669089473511169,0.002189666813471546
3237,px4,POSCTL,20260411_014052_px4_manual_sweep_pitch_r1,1.5683795555532762,1.5668426446507673,0.002277332677643737
3238,px4,POSCTL,20260411_014052_px4_manual_sweep_pitch_r1,1.5682966201200632,1.5668000498004633,0.0022815984845555707
3239,px4,POSCTL,20260411_014052_px4_manual_sweep_pitch_r1,1.568226434450892,1.5667952680982338,0.0021865050477418756
3240,px4,POSCTL,20260411_014052_px4_manual_sweep_pitch_r1,1.5681422297172303,1.5667596156996575,0.0020647147156539337
3241,px4,POSCTL,20260411_014052_px4_manual_sweep_pitch_r1,1.568080087844468,1.5667322107758164,0.001979442555117997
3242,px4,POSCTL,20260411_014052_px4_manual_sweep_pitch_r1,1.5680553627351899,1.5666935790963568,0.0022877777030793456
3243,px4,POSCTL,20260411_014052_px4_manual_sweep_pitch_r1,1.5680592851605804,1.5666733630285767,0.0021090129901449838
3244,px4,POSCTL,20260411_014052_px4_manual_sweep_pitch_r1,1.568082771626044,1.566670512695788,0.0020247499348646837
3245,px4,POSCTL,20260411_014052_px4_manual_sweep_pitch_r1,1.5681142124362606,1.566676351962339,0.0022294909549526298
3246,px4,POSCTL,20260411_014052_px4_manual_sweep_pitch_r1,1.5680682956347625,1.56671056767536,0.002185779847808473
3247,px4,POSCTL,20260411_014052_px4_manual_sweep_pitch_r1,1.5680319236874212,1.566730449639721,0.00191556115305463
3248,px4,POSCTL,20260411_014052_px4_manual_sweep_pitch_r1,1.5680003216864766,1.566612000423794,0.002141878029053056
3249,px4,POSCTL,20260411_014052_px4_manual_sweep_pitch_r1,1.5680515705364024,1.5665327923133139,0.002217310890828517
3250,px4,POSCTL,20260411_014052_px4_manual_sweep_pitch_r1,1.5680804690028138,1.5664606774500553,0.002154932352649071
3251,px4,POSCTL,20260411_014052_px4_manual_sweep_pitch_r1,1.5680813988281503,1.5664837383907677,0.002216828091119108
3252,px4,POSCTL,20260411_014052_px4_manual_sweep_pitch_r1,1.5680319660413087,1.566488014247471,0.0021195482348433667
3253,px4,POSCTL,20260411_014052_px4_manual_sweep_pitch_r1,1.5679758372272565,1.5664792432473973,0.002119920791746926
3254,px4,POSCTL,20260411_014052_px4_manual_sweep_pitch_r1,1.5677756499704742,1.5664266888710765,0.002130614264834897
3255,px4,POSCTL,20260411_014052_px4_manual_sweep_pitch_r1,1.567670272260395,1.566370463370832,0.0020547399708098183
3256,px4,POSCTL,20260411_014052_px4_manual_sweep_pitch_r1,1.5675512958289919,1.5661303033056044,0.001992463171269158
3257,px4,POSCTL,20260411_014052_px4_manual_sweep_pitch_r1,1.567480642407686,1.5659981035166248,0.002153070157851172
3258,px4,POSCTL,20260411_014052_px4_manual_sweep_pitch_r1,1.567469103778181,1.5658719806230446,0.0024326387586771367
3259,px4,POSCTL,20260411_014052_px4_manual_sweep_pitch_r1,1.5674467424110756,1.565784283826578,0.0023447987936121065
3260,px4,POSCTL,20260411_014052_px4_manual_sweep_pitch_r1,1.5673996341520577,1.5657585767680435,0.0022336700092250136
3261,px4,POSCTL,20260411_014052_px4_manual_sweep_pitch_r1,1.5673495243340334,1.565716954902784,0.002300508351587958
3262,px4,POSCTL,20260411_014052_px4_manual_sweep_pitch_r1,1.5672933652768537,1.565624245708318,0.0022061993361133314
3263,px4,POSCTL,20260411_014052_px4_manual_sweep_pitch_r1,1.5672753738477714,1.565546627711563,0.002409536315001338
3264,px4,POSCTL,20260411_014052_px4_manual_sweep_pitch_r1,1.5672595974554095,1.565475650275277,0.0026577668617038834
3265,px4,POSCTL,20260411_014052_px4_manual_sweep_pitch_r1,1.56730071218056,1.5654698647325849,0.0025281000006005905
3266,px4,POSCTL,20260411_014052_px4_manual_sweep_pitch_r1,1.567392414032956,1.5654580968709177,0.002622581526824709
3267,px4,POSCTL,20260411_014052_px4_manual_sweep_pitch_r1,1.5675313970748221,1.5655005445723758,0.0025917952244492
3268,px4,POSCTL,20260411_014052_px4_manual_sweep_pitch_r1,1.5675473037664691,1.5655983955530393,0.0026196539414534894
3269,px4,POSCTL,20260411_014052_px4_manual_sweep_pitch_r1,1.5675215880645406,1.5657433358498465,0.002398242679661691
3270,px4,POSCTL,20260411_014052_px4_manual_sweep_pitch_r1,1.567486114089778,1.5656615640834772,0.0023631908195978365
3271,px4,POSCTL,20260411_014052_px4_manual_sweep_pitch_r1,1.5673892571300843,1.5655650835204669,0.0026478598481589756
3272,px4,POSCTL,20260411_014052_px4_manual_sweep_pitch_r1,1.5672212355454755,1.5654395245627024,0.0026325046793825658
3273,px4,POSCTL,20260411_014052_px4_manual_sweep_pitch_r1,1.5670671233166245,1.565270353098863,0.002502269499330936
3274,px4,POSCTL,20260411_014052_px4_manual_sweep_pitch_r1,1.566914887203783,1.5650562699280126,0.0024110603476156576
3275,px4,POSCTL,20260411_014052_px4_manual_sweep_pitch_r1,1.5668428486794848,1.5648201406201687,0.0026508294916722814
3276,px4,POSCTL,20260411_014052_px4_manual_sweep_pitch_r1,1.5668147711327864,1.5646097757203319,0.0028263993573631446
3277,px4,POSCTL,20260411_014052_px4_manual_sweep_pitch_r1,1.5668093746493634,1.5644783520673042,0.002944234397094448
3278,px4,POSCTL,20260411_014052_px4_manual_sweep_pitch_r1,1.566798792342697,1.5644257712720973,0.003285897420074833
3279,px4,POSCTL,20260411_014052_px4_manual_sweep_pitch_r1,1.5667523312581717,1.5644157461400605,0.0030155443834474958
3280,px4,POSCTL,20260411_014052_px4_manual_sweep_pitch_r1,1.5667068942917277,1.5644117771302264,0.00285255924397129
3281,px4,POSCTL,20260411_014052_px4_manual_sweep_pitch_r1,1.5666649925348028,1.5643640357971134,0.00297745988815633
3282,px4,POSCTL,20260411_014052_px4_manual_sweep_pitch_r1,1.56667928038038,1.5643300214533655,0.0030127657346254574
3283,px4,POSCTL,20260411_014052_px4_manual_sweep_pitch_r1,1.5667114412339356,1.5642869148333491,0.003101880821219475
3284,px4,POSCTL,20260411_014052_px4_manual_sweep_pitch_r1,1.5667995838989646,1.5642924821191926,0.003122837748546687
3285,px4,POSCTL,20260411_014052_px4_manual_sweep_pitch_r1,1.5668899557665443,1.5643316795051498,0.003117570302286558
3286,px4,POSCTL,20260411_014052_px4_manual_sweep_pitch_r1,1.5669555409952003,1.5644103956537256,0.003126211446975864
3287,px4,POSCTL,20260411_014052_px4_manual_sweep_pitch_r1,1.5670076921282263,1.5644919552190926,0.0030340617983004746
3288,px4,POSCTL,20260411_014052_px4_manual_sweep_pitch_r1,1.567014792276036,1.564549198177671,0.003055682806839408
3289,px4,POSCTL,20260411_014052_px4_manual_sweep_pitch_r1,1.5669771100294412,1.564586815539915,0.003075109518899798
3290,px4,POSCTL,20260411_014052_px4_manual_sweep_pitch_r1,1.5668892726683004,1.5645899238487595,0.00295392180605346
3291,px4,POSCTL,20260411_014052_px4_manual_sweep_pitch_r1,1.566809653584487,1.5645510374288174,0.003000236236417237
3292,px4,POSCTL,20260411_014052_px4_manual_sweep_pitch_r1,1.5666821044899841,1.5644899185789174,0.002773906178236162
3293,px4,POSCTL,20260411_014052_px4_manual_sweep_pitch_r1,1.566479760225951,1.5644263455470933,0.002769465854600572
3294,px4,POSCTL,20260411_014052_px4_manual_sweep_pitch_r1,1.5661384445810782,1.5643379301260198,0.002820034901200664
3295,px4,POSCTL,20260411_014052_px4_manual_sweep_pitch_r1,1.5658205857226164,1.5641791176225328,0.002336601050553056
3296,px4,POSCTL,20260411_014052_px4_manual_sweep_pitch_r1,1.5655783048993341,1.5638464631059426,0.0023861342468131258
3297,px4,POSCTL,20260411_014052_px4_manual_sweep_pitch_r1,1.5652545485787817,1.563550061188797,0.0025227235324282076
3298,px4,POSCTL,20260411_014052_px4_manual_sweep_pitch_r1,1.5650639608898769,1.5632982849550534,0.002608455946566344
3299,px4,POSCTL,20260411_014052_px4_manual_sweep_pitch_r1,1.5649628313615562,1.5630336667885003,0.0027192115981802024
3300,px4,POSCTL,20260411_014052_px4_manual_sweep_pitch_r1,1.5648213851447779,1.5627982602019543,0.002723099927371914
3301,px4,POSCTL,20260411_014052_px4_manual_sweep_pitch_r1,1.5647727264420621,1.5626765019252653,0.0027881520037363995
3302,px4,POSCTL,20260411_014052_px4_manual_sweep_pitch_r1,1.5647678683756912,1.5625180752168828,0.0028475954544822536
3303,px4,POSCTL,20260411_014052_px4_manual_sweep_pitch_r1,1.5647966192150493,1.5624525255467192,0.0028346614581833975
3304,px4,POSCTL,20260411_014052_px4_manual_sweep_pitch_r1,1.5646908651223805,1.5624510285530566,0.0029494763889276777
3305,px4,POSCTL,20260411_014052_px4_manual_sweep_pitch_r1,1.5646695630626242,1.5624939972419263,0.0028602071792653973
3306,px4,POSCTL,20260411_014052_px4_manual_sweep_pitch_r1,1.5647187087079513,1.5624413578369227,0.004442981859170868
3307,px4,POSCTL,20260411_014052_px4_manual_sweep_pitch_r1,1.5647477234341225,1.5626875270576668,0.009693313840423056
3308,px4,POSCTL,20260411_014052_px4_manual_sweep_pitch_r1,1.5649095840336302,1.5634179132511803,0.014483530428936473
3309,px4,POSCTL,20260411_014052_px4_manual_sweep_pitch_r1,1.5652460039088605,1.564335424704853,0.016688310549781926
3310,px4,POSCTL,20260411_014052_px4_manual_sweep_pitch_r1,1.5656872258063057,1.5659221889717163,0.014896129065974255
3311,px4,POSCTL,20260411_014052_px4_manual_sweep_pitch_r1,1.5660488764965277,1.5684514485432983,0.010533380923988459
3312,px4,POSCTL,20260411_014052_px4_manual_sweep_pitch_r1,1.5663852492901436,1.5712303882781424,0.007804473422849283
3313,px4,POSCTL,20260411_014052_px4_manual_sweep_pitch_r1,1.5668622003637451,1.5732719082827933,0.007298701645760029
3314,px4,POSCTL,20260411_014052_px4_manual_sweep_pitch_r1,1.5674822662798953,1.575249251587836,0.00808916308852145
3315,px4,POSCTL,20260411_014052_px4_manual_sweep_pitch_r1,1.5682200812465479,1.5767671420958902,0.00881513264413112
3316,px4,POSCTL,20260411_014052_px4_manual_sweep_pitch_r1,1.5694053017741545,1.5781589178438238,0.009598627763160393
3317,px4,POSCTL,20260411_014052_px4_manual_sweep_pitch_r1,1.569982531098105,1.579354791693728,0.009857398194764869
3318,px4,POSCTL,20260411_014052_px4_manual_sweep_pitch_r1,1.570911252180399,1.5810134200257695,0.010554244651103863
3319,px4,POSCTL,20260411_014052_px4_manual_sweep_pitch_r1,1.5715413440977324,1.5817766301482903,0.011091049498778904
3320,px4,POSCTL,20260411_014052_px4_manual_sweep_pitch_r1,1.5720712196288837,1.5827076014081998,0.011272922703118943
3321,px4,POSCTL,20260411_014052_px4_manual_sweep_pitch_r1,1.5724289597259344,1.5834931705759991,0.011736019900449155
3322,px4,POSCTL,20260411_014052_px4_manual_sweep_pitch_r1,1.5729451484251453,1.5838741624420443,0.011678554521023942
3323,px4,POSCTL,20260411_014052_px4_manual_sweep_pitch_r1,1.5734601502323051,1.584177737104121,0.011587625774885008
3324,px4,POSCTL,20260411_014052_px4_manual_sweep_pitch_r1,1.5737032864162304,1.584689167524684,0.011818330025621833
3325,px4,POSCTL,20260411_014052_px4_manual_sweep_pitch_r1,1.573776711990537,1.5849876948575425,0.012098477753479428
3326,px4,POSCTL,20260411_014052_px4_manual_sweep_pitch_r1,1.5737630306248707,1.5849996427626911,0.012205836516729823
3327,px4,POSCTL,20260411_014052_px4_manual_sweep_pitch_r1,1.5736828588932923,1.5847083016255166,0.011998617507095561
3328,px4,POSCTL,20260411_014052_px4_manual_sweep_pitch_r1,1.5735253396942268,1.5843854485592501,0.012040937361980534
3329,px4,POSCTL,20260411_014052_px4_manual_sweep_pitch_r1,1.5732814306295049,1.5838472918696669,0.012105116369485674
3330,px4,POSCTL,20260411_014052_px4_manual_sweep_pitch_r1,1.5730104757356402,1.583322066660861,0.01249788221649499
3331,px4,POSCTL,20260411_014052_px4_manual_sweep_pitch_r1,1.573211542140185,1.5827266352635667,0.012186675426593884
3332,px4,POSCTL,20260411_014052_px4_manual_sweep_pitch_r1,1.5733280570353325,1.5818659170972231,0.01126363726258361
3333,px4,POSCTL,20260411_014052_px4_manual_sweep_pitch_r1,1.573369556673922,1.5816253915035454,0.010792184344912092
3334,px4,POSCTL,20260411_014052_px4_manual_sweep_pitch_r1,1.5731195255337445,1.58132663472297,0.010619210561481917
3335,px4,POSCTL,20260411_014052_px4_manual_sweep_pitch_r1,1.5724888828752113,1.581013791584935,0.01102729134552997
3336,px4,POSCTL,20260411_014052_px4_manual_sweep_pitch_r1,1.5718552260711927,1.5803841293707077,0.011104721068384255
3337,px4,POSCTL,20260411_014052_px4_manual_sweep_pitch_r1,1.5716172419528724,1.5794038536790886,0.010304247906912124
3338,px4,POSCTL,20260411_014052_px4_manual_sweep_pitch_r1,1.5711383922073257,1.578260575481441,0.009799523595426407
3339,px4,POSCTL,20260411_014052_px4_manual_sweep_pitch_r1,1.5708228937333635,1.5778553669470448,0.009898098777591175
3340,px4,POSCTL,20260411_014052_px4_manual_sweep_pitch_r1,1.570581646319002,1.5769563770060793,0.009565100192724251
3341,px4,POSCTL,20260411_014052_px4_manual_sweep_pitch_r1,1.570425675288481,1.576462291351834,0.009446877919742181
3342,px4,POSCTL,20260411_014052_px4_manual_sweep_pitch_r1,1.5703175322788379,1.57571862657967,0.009100140499517245
3343,px4,POSCTL,20260411_014052_px4_manual_sweep_pitch_r1,1.5701550742253614,1.5754674884368156,0.009010194594849271
3344,px4,POSCTL,20260411_014052_px4_manual_sweep_pitch_r1,1.5699520566044947,1.5750459795542842,0.008629966202949379
3345,px4,POSCTL,20260411_014052_px4_manual_sweep_pitch_r1,1.5697524443177056,1.5747051301874555,0.00827827674940761
3346,px4,POSCTL,20260411_014052_px4_manual_sweep_pitch_r1,1.5694547804670325,1.5741744104459945,0.008130779338668
3347,px4,POSCTL,20260411_014052_px4_manual_sweep_pitch_r1,1.5691008480608446,1.5736746670471546,0.008090590989587726
3348,px4,POSCTL,20260411_014052_px4_manual_sweep_pitch_r1,1.5687869291361052,1.573104076327608,0.007892936551293733
3349,px4,POSCTL,20260411_014052_px4_manual_sweep_pitch_r1,1.5683969613028557,1.572534676500105,0.00761797115163962
3350,px4,POSCTL,20260411_014052_px4_manual_sweep_pitch_r1,1.5675924317374588,1.5720936699735941,0.007741955915713453
3351,px4,POSCTL,20260411_014052_px4_manual_sweep_pitch_r1,1.5671167884559984,1.5717919015066613,0.0077018343481260595
3352,px4,POSCTL,20260411_014052_px4_manual_sweep_pitch_r1,1.5662447233213197,1.5710470639792098,0.007415427061971398
3353,px4,POSCTL,20260411_014052_px4_manual_sweep_pitch_r1,1.5654501603082185,1.5704045106468123,0.007291720134491408
3354,px4,POSCTL,20260411_014052_px4_manual_sweep_pitch_r1,1.564865161109615,1.5694795777885189,0.007380915469083393
3355,px4,POSCTL,20260411_014052_px4_manual_sweep_pitch_r1,1.5642696127134927,1.5686414690023898,0.007277483544346777
3356,px4,POSCTL,20260411_014052_px4_manual_sweep_pitch_r1,1.5640803296719996,1.5679674423091179,0.0072455512551743645
3357,px4,POSCTL,20260411_014052_px4_manual_sweep_pitch_r1,1.563792862497371,1.5671937486505754,0.006776270887260497
3358,px4,POSCTL,20260411_014052_px4_manual_sweep_pitch_r1,1.5638077639552221,1.5668914107909657,0.0066535569185872155
3359,px4,POSCTL,20260411_014052_px4_manual_sweep_pitch_r1,1.5641005463469053,1.5662513434132068,0.006596367390562351
3360,px4,POSCTL,20260411_014052_px4_manual_sweep_pitch_r1,1.564698801718059,1.5660614399105341,0.005928124480552888
3361,px4,POSCTL,20260411_014052_px4_manual_sweep_pitch_r1,1.5652703413567548,1.5661592440099354,0.005655818164798611
3362,px4,POSCTL,20260411_014052_px4_manual_sweep_pitch_r1,1.5659258818011854,1.5665437912420404,0.005355622229877973
3363,px4,POSCTL,20260411_014052_px4_manual_sweep_pitch_r1,1.566670072017595,1.5670241649243695,0.005448014706586127
3364,px4,POSCTL,20260411_014052_px4_manual_sweep_pitch_r1,1.5671052077761578,1.567522509034794,0.005549251539506804
3365,px4,POSCTL,20260411_014052_px4_manual_sweep_pitch_r1,1.5673789602316879,1.5681038287958,0.0052871285132367685
3366,px4,POSCTL,20260411_014052_px4_manual_sweep_pitch_r1,1.5675534317686837,1.5685465809153976,0.005490265759749846
3367,px4,POSCTL,20260411_014052_px4_manual_sweep_pitch_r1,1.567620299898643,1.5687905027355453,0.005880440500549593
3368,px4,POSCTL,20260411_014052_px4_manual_sweep_pitch_r1,1.5675826403442137,1.5689194284649832,0.00596929189891
3369,px4,POSCTL,20260411_014052_px4_manual_sweep_pitch_r1,1.567453986158346,1.5689099350673352,0.005895448356345882
3370,px4,POSCTL,20260411_014052_px4_manual_sweep_pitch_r1,1.5671929294442393,1.5688099610787722,0.006304103881465785
3371,px4,POSCTL,20260411_014052_px4_manual_sweep_pitch_r1,1.5668750960610762,1.5686440376457411,0.006577112810440366
3372,px4,POSCTL,20260411_014052_px4_manual_sweep_pitch_r1,1.5667718255258687,1.5683527151367629,0.00643254133820285
3373,px4,POSCTL,20260411_014052_px4_manual_sweep_pitch_r1,1.566886418647325,1.5680057518878445,0.006260138246884782
3374,px4,POSCTL,20260411_014052_px4_manual_sweep_pitch_r1,1.5674356857043663,1.5676929436969902,0.00634216351560545
3375,px4,POSCTL,20260411_014052_px4_manual_sweep_pitch_r1,1.5679171025667389,1.5676229658049474,0.0062922209948642555
3376,px4,POSCTL,20260411_014052_px4_manual_sweep_pitch_r1,1.5685453916623604,1.5677731620066833,0.006381482624597705
3377,px4,POSCTL,20260411_014052_px4_manual_sweep_pitch_r1,1.5690735209603928,1.567972329570919,0.006512738266418646
3378,px4,POSCTL,20260411_014052_px4_manual_sweep_pitch_r1,1.5696613440138272,1.568314326881724,0.007141748566669478
3379,px4,POSCTL,20260411_014052_px4_manual_sweep_pitch_r1,1.5699965623512644,1.5686076170484229,0.0074609325881267044
3380,px4,POSCTL,20260411_014052_px4_manual_sweep_pitch_r1,1.5703182522489707,1.5688942723014863,0.007509316352318298
3381,px4,POSCTL,20260411_014052_px4_manual_sweep_pitch_r1,1.5706755585679157,1.5691267060448144,0.007706362770423115
3382,px4,POSCTL,20260411_014052_px4_manual_sweep_pitch_r1,1.5709328783361334,1.569197607933122,0.007180173922717143
3383,px4,POSCTL,20260411_014052_px4_manual_sweep_pitch_r1,1.5711682834923493,1.5693880820616808,0.006974372619990639
3384,px4,POSCTL,20260411_014052_px4_manual_sweep_pitch_r1,1.571275200781282,1.5695437158067795,0.006460611637497454
3385,px4,POSCTL,20260411_014052_px4_manual_sweep_pitch_r1,1.5713773946397234,1.5697271342144217,0.006041532685991938
3386,px4,POSCTL,20260411_014052_px4_manual_sweep_pitch_r1,1.5714027113078681,1.5698593145751962,0.005964745593488357
3387,px4,POSCTL,20260411_014052_px4_manual_sweep_pitch_r1,1.5713882182324277,1.5700694140577527,0.006017020059290185
3388,px4,POSCTL,20260411_014052_px4_manual_sweep_pitch_r1,1.5712543728165003,1.5702128753320703,0.005995447200656809
3389,px4,POSCTL,20260411_014052_px4_manual_sweep_pitch_r1,1.5709880453751486,1.57030260605738,0.0060800685455587745
3390,px4,POSCTL,20260411_014052_px4_manual_sweep_pitch_r1,1.5704081601175932,1.5702696594082786,0.00611736310397175
3391,px4,POSCTL,20260411_014052_px4_manual_sweep_pitch_r1,1.5701220249719685,1.5700938995144038,0.005789653780223925
3392,px4,POSCTL,20260411_014052_px4_manual_sweep_pitch_r1,1.5699368238645015,1.5697258981991387,0.006008284718980136
3393,px4,POSCTL,20260411_014052_px4_manual_sweep_pitch_r1,1.5698387748953428,1.5694689496910608,0.005957209562531214
3394,px4,POSCTL,20260411_014052_px4_manual_sweep_pitch_r1,1.5697553602556904,1.5694202348389854,0.005464580287097278
3395,px4,POSCTL,20260411_014052_px4_manual_sweep_pitch_r1,1.5697663951131156,1.5693963548588292,0.005634425411706314
3396,px4,POSCTL,20260411_014052_px4_manual_sweep_pitch_r1,1.5700292056495866,1.5693623039992108,0.005664284787467727
3397,px4,POSCTL,20260411_014052_px4_manual_sweep_pitch_r1,1.5702126473198634,1.5693661425061107,0.005164009743149498
3398,px4,POSCTL,20260411_014052_px4_manual_sweep_pitch_r1,1.5703609471200848,1.5696532822695282,0.004701277578857875
3399,px4,POSCTL,20260411_014052_px4_manual_sweep_pitch_r1,1.5704416879236387,1.5698255424524115,0.0043305475717965785
3400,px4,POSCTL,20260411_014052_px4_manual_sweep_pitch_r1,1.5705134429625576,1.5699501161451062,0.0042130630272618754
3401,px4,POSCTL,20260411_014052_px4_manual_sweep_pitch_r1,1.5705104364505083,1.5699883966485686,0.00411812920319413
3402,px4,POSCTL,20260411_014052_px4_manual_sweep_pitch_r1,1.570512014631854,1.5700268135845314,0.004032188646021382
3403,px4,POSCTL,20260411_014052_px4_manual_sweep_pitch_r1,1.57044219871666,1.5699243027511836,0.004076667284503327
3404,px4,POSCTL,20260411_014052_px4_manual_sweep_pitch_r1,1.570274214155172,1.5698233764333747,0.0040480180016943534
3405,px4,POSCTL,20260411_014052_px4_manual_sweep_pitch_r1,1.5700174808131822,1.569589863853915,0.003996886685248153
3406,px4,POSCTL,20260411_014052_px4_manual_sweep_pitch_r1,1.569886053879186,1.569194099965792,0.004078755558390233
3407,px4,POSCTL,20260411_014052_px4_manual_sweep_pitch_r1,1.5699382258947907,1.5688276508258934,0.004254173958621794
3408,px4,POSCTL,20260411_014052_px4_manual_sweep_pitch_r1,1.569996923830297,1.5685810634542845,0.004346455277473939
3409,px4,POSCTL,20260411_014052_px4_manual_sweep_pitch_r1,1.5701098879737523,1.5685568381637982,0.004301228932373822
3410,px4,POSCTL,20260411_014052_px4_manual_sweep_pitch_r1,1.570271053329676,1.5685347261645337,0.004202881152402398
3411,px4,POSCTL,20260411_014052_px4_manual_sweep_pitch_r1,1.5702909528013644,1.5685128617964685,0.0042925593577238285
3412,px4,POSCTL,20260411_014052_px4_manual_sweep_pitch_r1,1.5702989630067177,1.5685659377820353,0.004502820156786278
3413,px4,POSCTL,20260411_014052_px4_manual_sweep_pitch_r1,1.5700195943696453,1.5683628428903167,0.0037201404966709537
3414,px4,POSCTL,20260411_014052_px4_manual_sweep_pitch_r1,1.5697747166354719,1.568181778394384,0.0029925242650325075
3415,px4,POSCTL,20260411_014052_px4_manual_sweep_pitch_r1,1.5695924429076744,1.567748141706087,0.002613740510264306
3416,px4,POSCTL,20260411_014052_px4_manual_sweep_pitch_r1,1.5695814052973243,1.5673858630854243,0.002838413197953367
3417,px4,POSCTL,20260411_014052_px4_manual_sweep_pitch_r1,1.5696163048326746,1.56723969119838,0.0028237777791019656
3418,px4,POSCTL,20260411_014052_px4_manual_sweep_pitch_r1,1.5695358128047927,1.5672117725147166,0.0027578675998056468
3419,px4,POSCTL,20260411_014052_px4_manual_sweep_pitch_r1,1.569459264356845,1.5672037587646301,0.003015256246952682
3420,px4,POSCTL,20260411_014052_px4_manual_sweep_pitch_r1,1.5693752506606102,1.567057331672457,0.003161257851311979
3421,px4,POSCTL,20260411_014052_px4_manual_sweep_pitch_r1,1.5690999394079244,1.5668761015922144,0.0027947246419167044
3422,px4,POSCTL,20260411_014052_px4_manual_sweep_pitch_r1,1.5686886249712233,1.5665856184093465,0.0028178900948037907
3423,px4,POSCTL,20260411_014052_px4_manual_sweep_pitch_r1,1.5683822342270841,1.5662124945809075,0.0031762943325548427
3424,px4,POSCTL,20260411_014052_px4_manual_sweep_pitch_r1,1.5683380580047912,1.5657386465647671,0.003415476701992529
3425,px4,POSCTL,20260411_014052_px4_manual_sweep_pitch_r1,1.568353668572558,1.5653720686408497,0.0040102603548016575
3426,px4,POSCTL,20260411_014052_px4_manual_sweep_pitch_r1,1.5683897586505224,1.5653729221001795,0.0043560952812968234
3427,px4,POSCTL,20260411_014052_px4_manual_sweep_pitch_r1,1.5683984677920102,1.5655074202010655,0.004070818461420811
3428,px4,POSCTL,20260411_014052_px4_manual_sweep_pitch_r1,1.5684690887861568,1.5655979888423643,0.004285632710816074
3429,px4,POSCTL,20260411_014052_px4_manual_sweep_pitch_r1,1.5680138126270597,1.5656376912357202,0.00402445898106661
3430,px4,POSCTL,20260411_014052_px4_manual_sweep_pitch_r1,1.5673881385300978,1.5657581978124708,0.003411047029222509
3431,px4,POSCTL,20260411_014052_px4_manual_sweep_pitch_r1,1.5667613031389362,1.565142214624245,0.0033095235208727577
3432,px4,POSCTL,20260411_014052_px4_manual_sweep_pitch_r1,1.5660334455169806,1.5646331301419334,0.00317048494217339
3433,px4,POSCTL,20260411_014052_px4_manual_sweep_pitch_r1,1.5653168556560677,1.563960507494278,0.00331719858269605
3434,px4,POSCTL,20260411_014052_px4_manual_sweep_pitch_r1,1.564720471422967,1.563211855874511,0.0032063975931331946
3435,px4,POSCTL,20260411_014052_px4_manual_sweep_pitch_r1,1.5645278680139265,1.5626208423033259,0.003613536132053402
3436,px4,POSCTL,20260411_014052_px4_manual_sweep_pitch_r1,1.5644543976804948,1.5621494615373925,0.004051610565911893
3437,px4,POSCTL,20260411_014052_px4_manual_sweep_pitch_r1,1.564765982478705,1.5620868850639449,0.004298619704622496
3438,px4,POSCTL,20260411_014052_px4_manual_sweep_pitch_r1,1.565168553777328,1.5621475801241576,0.004777686583242542
3439,px4,POSCTL,20260411_014052_px4_manual_sweep_pitch_r1,1.565762019543392,1.5625473831538652,0.005083050465180622
3440,px4,POSCTL,20260411_014052_px4_manual_sweep_pitch_r1,1.5663761827763483,1.5630110504477077,0.005225748313706251
3441,px4,POSCTL,20260411_014052_px4_manual_sweep_pitch_r1,1.5671473200531145,1.5636330572527843,0.00541787306563924
3442,px4,POSCTL,20260411_014052_px4_manual_sweep_pitch_r1,1.5678208952600448,1.564295199048873,0.005367902175767601
3443,px4,POSCTL,20260411_014052_px4_manual_sweep_pitch_r1,1.5684283489459387,1.564903521358094,0.005378705990320405
3444,px4,POSCTL,20260411_014052_px4_manual_sweep_pitch_r1,1.5691231627308226,1.5654587722807447,0.009930738338707806
3445,px4,POSCTL,20260411_014052_px4_manual_sweep_pitch_r1,1.5714215971334602,1.5659041822517814,0.07781667578729173
3446,px4,POSCTL,20260411_014052_px4_manual_sweep_pitch_r1,1.581060379019882,1.5664556352731143,0.18201081735641245
3447,px4,POSCTL,20260411_014052_px4_manual_sweep_pitch_r1,1.58039370913976,1.569752110185859,0.1332814663102724
3448,px4,POSCTL,20260411_014052_px4_manual_sweep_pitch_r1,1.5744789546241613,1.5802575381996071,0.11784293276608729
3449,px4,POSCTL,20260411_014052_px4_manual_sweep_pitch_r1,1.5718156739510536,1.5799710107407583,0.14000656347769166
3450,px4,POSCTL,20260411_014052_px4_manual_sweep_pitch_r1,1.5713859960812029,1.5731106414005964,0.11510482302143955
3451,px4,POSCTL,20260411_014052_px4_manual_sweep_pitch_r1,1.5723772788203307,1.5692639857795774,0.09490681546677739
3452,px4,POSCTL,20260411_014052_px4_manual_sweep_pitch_r1,1.572952458022033,1.5675961200516335,0.0667056261834735
3453,px4,POSCTL,20260411_014052_px4_manual_sweep_pitch_r1,1.5730117474492824,1.5679426608873375,0.06530621434149685
3454,px4,POSCTL,20260411_014052_px4_manual_sweep_pitch_r1,1.5726968610151968,1.5684248792035733,0.07121514277244499
3455,px4,POSCTL,20260411_014052_px4_manual_sweep_pitch_r1,1.572262438521255,1.5685219915516775,0.07257697679177248
3456,px4,POSCTL,20260411_014052_px4_manual_sweep_pitch_r1,1.571855686080677,1.5683911736699956,0.06841909063739042
3457,px4,POSCTL,20260411_014052_px4_manual_sweep_pitch_r1,1.5712688536653139,1.5681389319310468,0.06200843367094467
3458,px4,POSCTL,20260411_014052_px4_manual_sweep_pitch_r1,1.5708952427793526,1.567630634511114,0.05266128317338007
3459,px4,POSCTL,20260411_014052_px4_manual_sweep_pitch_r1,1.5706917901639772,1.566965157170767,0.04095053253036895
3460,px4,POSCTL,20260411_014052_px4_manual_sweep_pitch_r1,1.5702710362036574,1.5663216447682409,0.03210435391298167
3461,px4,POSCTL,20260411_014052_px4_manual_sweep_pitch_r1,1.5698222681407976,1.5655471592972763,0.028815455336761223
3462,px4,POSCTL,20260411_014052_px4_manual_sweep_pitch_r1,1.5694355675077594,1.5641655748673338,0.026925383097951915
3463,px4,POSCTL,20260411_014052_px4_manual_sweep_pitch_r1,1.5691811399832003,1.5634302966959874,0.025711381917790467
3464,px4,POSCTL,20260411_014052_px4_manual_sweep_pitch_r1,1.5688934468799671,1.5628169859272187,0.026056616059495337
3465,px4,POSCTL,20260411_014052_px4_manual_sweep_pitch_r1,1.568595965194349,1.5624912102061241,0.025128304763863296
3466,px4,POSCTL,20260411_014052_px4_manual_sweep_pitch_r1,1.5686762714576739,1.562423169510356,0.02576092252161927
3467,px4,POSCTL,20260411_014052_px4_manual_sweep_pitch_r1,1.5686824760365947,1.5625729367024501,0.025325424136528316
3468,px4,POSCTL,20260411_014052_px4_manual_sweep_pitch_r1,1.5686146211551877,1.562729784009229,0.01958589021438418
3469,px4,POSCTL,20260411_014052_px4_manual_sweep_pitch_r1,1.5686073385951538,1.5629181477407625,0.015435420527012972
3470,px4,POSCTL,20260411_014052_px4_manual_sweep_pitch_r1,1.5687115958535593,1.5631584007249428,0.012036901620653314
3471,px4,POSCTL,20260411_014052_px4_manual_sweep_pitch_r1,1.5689561398062806,1.5636032296672062,0.007927536910440552
3472,px4,POSCTL,20260411_014052_px4_manual_sweep_pitch_r1,1.5692023966951523,1.563883419959928,0.0073897429008734986
3473,px4,POSCTL,20260411_014052_px4_manual_sweep_pitch_r1,1.5694124814567394,1.5641771135998044,0.0087920975209475
3474,px4,POSCTL,20260411_014052_px4_manual_sweep_pitch_r1,1.5694324359479048,1.5643956024758467,0.007994329308626846
3475,px4,POSCTL,20260411_014052_px4_manual_sweep_pitch_r1,1.5693500799660962,1.564592829696603,0.008934708572219235
3476,px4,POSCTL,20260411_014052_px4_manual_sweep_pitch_r1,1.5692493710862219,1.5646457489726868,0.010539348546204148
3477,px4,POSCTL,20260411_014052_px4_manual_sweep_pitch_r1,1.5691891865655434,1.5645871557060118,0.009365883039879154
3478,px4,POSCTL,20260411_014052_px4_manual_sweep_pitch_r1,1.569149994501878,1.5644726517753955,0.005839039979881939
3479,px4,POSCTL,20260411_014052_px4_manual_sweep_pitch_r1,1.5691172795888277,1.5645256803529441,0.008785928054446876
3480,px4,POSCTL,20260411_014052_px4_manual_sweep_pitch_r1,1.5691860367157622,1.5650741795438063,0.00822919243328099
3481,px4,POSCTL,20260411_014052_px4_manual_sweep_pitch_r1,1.5692809759982,1.5656851798846447,0.010880490126618254
3482,px4,POSCTL,20260411_014052_px4_manual_sweep_pitch_r1,1.569373237507854,1.566229598730957,0.015327741707891562
3483,px4,POSCTL,20260411_014052_px4_manual_sweep_pitch_r1,1.569519357777338,1.5666355488376702,0.019735130895007287
3484,px4,POSCTL,20260411_014052_px4_manual_sweep_pitch_r1,1.569861848843153,1.5672315352391941,0.0236216235040279
3485,px4,POSCTL,20260411_014052_px4_manual_sweep_pitch_r1,1.5700255294507595,1.567685094845092,0.02582340878282264
3486,px4,POSCTL,20260411_014052_px4_manual_sweep_pitch_r1,1.5703347415807392,1.5685134811446468,0.02905933588329526
3487,px4,POSCTL,20260411_014052_px4_manual_sweep_pitch_r1,1.57047740041911,1.5692777382054788,0.03070921104993762
3488,px4,POSCTL,20260411_014052_px4_manual_sweep_pitch_r1,1.5704213088138523,1.5703775056516305,0.024684396848231708
3489,px4,POSCTL,20260411_014052_px4_manual_sweep_pitch_r1,1.5704302078231767,1.5711901316943166,0.02054620858169889
3490,px4,POSCTL,20260411_014052_px4_manual_sweep_pitch_r1,1.5704376966664875,1.5715953947045496,0.018572737355027947
3491,px4,POSCTL,20260411_014052_px4_manual_sweep_pitch_r1,1.5704324411268369,1.5721141364441722,0.02269176211583202
3492,px4,POSCTL,20260411_014052_px4_manual_sweep_pitch_r1,1.5703038360526114,1.5726448993965088,0.024666523847421948
3493,px4,POSCTL,20260411_014052_px4_manual_sweep_pitch_r1,1.5700758478876757,1.5731787318239232,0.026563794511346137
3494,px4,POSCTL,20260411_014052_px4_manual_sweep_pitch_r1,1.570054937948686,1.5736954103882144,0.02860011533340359
3495,px4,POSCTL,20260411_014052_px4_manual_sweep_pitch_r1,1.5699983097025778,1.5741004980075917,0.029852839539184495
3496,px4,POSCTL,20260411_014052_px4_manual_sweep_pitch_r1,1.5699555128119045,1.5746543566142641,0.031593812310738455
3497,px4,POSCTL,20260411_014052_px4_manual_sweep_pitch_r1,1.5699661695102805,1.575168820736978,0.03397593072516358
3498,px4,POSCTL,20260411_014052_px4_manual_sweep_pitch_r1,1.5699442376196906,1.5757292668098997,0.035047881959945355
3499,px4,POSCTL,20260411_014052_px4_manual_sweep_pitch_r1,1.5697778682583055,1.576321235215789,0.036339268662524654
3500,px4,POSCTL,20260411_014052_px4_manual_sweep_pitch_r1,1.5696086683652828,1.5769275948771628,0.038168177328158095
3501,px4,POSCTL,20260411_014052_px4_manual_sweep_pitch_r1,1.5695569747253357,1.5772868763067078,0.039606795236600864
3502,px4,POSCTL,20260411_014052_px4_manual_sweep_pitch_r1,1.5694445587588486,1.57772820623562,0.04029729540307109
3503,px4,POSCTL,20260411_014052_px4_manual_sweep_pitch_r1,1.5693144109723465,1.5780060621472738,0.04024244610118447
3504,px4,POSCTL,20260411_014052_px4_manual_sweep_pitch_r1,1.5692570111765798,1.5775417873192836,0.04200502036849348
3505,px4,POSCTL,20260411_014052_px4_manual_sweep_pitch_r1,1.5692305532772193,1.5767396457357048,0.04358218832050344
3506,px4,POSCTL,20260411_014052_px4_manual_sweep_pitch_r1,1.5692519960427873,1.5761782841093472,0.04701289925864583
3507,px4,POSCTL,20260411_014052_px4_manual_sweep_pitch_r1,1.5692274434225446,1.57584047289837,0.05113056072549416
3508,px4,POSCTL,20260411_014052_px4_manual_sweep_pitch_r1,1.5692958592801816,1.5762962727495726,0.054334703682992175
3509,px4,POSCTL,20260411_014052_px4_manual_sweep_pitch_r1,1.5693880381268677,1.5768840917378497,0.055452155403449326
3510,px4,POSCTL,20260411_014052_px4_manual_sweep_pitch_r1,1.5695569407680556,1.5779818027227075,0.05486688057017788
3511,px4,POSCTL,20260411_014052_px4_manual_sweep_pitch_r1,1.569558692126671,1.579011497038624,0.054473850757311225
3512,px4,POSCTL,20260411_014052_px4_manual_sweep_pitch_r1,1.5693829765264131,1.5800052563144458,0.053458352649582645
3513,px4,POSCTL,20260411_014052_px4_manual_sweep_pitch_r1,1.5691381107357716,1.5806669147356642,0.054476448446298946
3514,px4,POSCTL,20260411_014052_px4_manual_sweep_pitch_r1,1.568965431945092,1.5809675445777194,0.056916463368060076
3515,px4,POSCTL,20260411_014052_px4_manual_sweep_pitch_r1,1.5689252215780467,1.5809740356834239,0.057549234885003096
3516,px4,POSCTL,20260411_014052_px4_manual_sweep_pitch_r1,1.5689345952834375,1.580926422408012,0.0575734544975605
3517,px4,POSCTL,20260411_014052_px4_manual_sweep_pitch_r1,1.5688966522088572,1.5810347108245018,0.058302575528081144
3518,px4,POSCTL,20260411_014052_px4_manual_sweep_pitch_r1,1.5687561790701798,1.5811993605123966,0.059120067938144484
3519,px4,POSCTL,20260411_014052_px4_manual_sweep_pitch_r1,1.5687083929428556,1.5813917838878355,0.05900018301297993
3520,px4,POSCTL,20260411_014052_px4_manual_sweep_pitch_r1,1.568752285552518,1.5814403263667973,0.058706218731221664
3521,px4,POSCTL,20260411_014052_px4_manual_sweep_pitch_r1,1.5687602848189923,1.5814574407878064,0.05849217927720482
3522,px4,POSCTL,20260411_014052_px4_manual_sweep_pitch_r1,1.568727046399505,1.5816739090842469,0.05846657795790351
3523,px4,POSCTL,20260411_014052_px4_manual_sweep_pitch_r1,1.56864727758936,1.581787684147792,0.058619191977612964
3524,px4,POSCTL,20260411_014052_px4_manual_sweep_pitch_r1,1.568520670047013,1.5817494258786362,0.05944946112877789
3525,px4,POSCTL,20260411_014052_px4_manual_sweep_pitch_r1,1.5684490462151683,1.5816909360022025,0.05902065897928115
3526,px4,POSCTL,20260411_014052_px4_manual_sweep_pitch_r1,1.5683991741122187,1.5815599246918766,0.05800385297830514
3527,px4,POSCTL,20260411_014052_px4_manual_sweep_pitch_r1,1.5683477545577678,1.5813951389574528,0.057120839994446
3528,px4,POSCTL,20260411_014052_px4_manual_sweep_pitch_r1,1.5683596076099628,1.580972983775233,0.05618634704584519
3529,px4,POSCTL,20260411_014052_px4_manual_sweep_pitch_r1,1.5683728364495824,1.5806456160823505,0.05487839675807454
3530,px4,POSCTL,20260411_014052_px4_manual_sweep_pitch_r1,1.5682736774147872,1.5802752629192824,0.05378500819666572
3531,px4,POSCTL,20260411_014052_px4_manual_sweep_pitch_r1,1.5681947932042786,1.5798493972202854,0.055496898037064125
3532,px4,POSCTL,20260411_014052_px4_manual_sweep_pitch_r1,1.5679597229624422,1.5794935405555273,0.0539964723795056
3533,px4,POSCTL,20260411_014052_px4_manual_sweep_pitch_r1,1.5677106853520182,1.5791470397481098,0.05251238035389099
3534,px4,POSCTL,20260411_014052_px4_manual_sweep_pitch_r1,1.5674028450300554,1.5785090056313256,0.052092538299917605
3535,px4,POSCTL,20260411_014052_px4_manual_sweep_pitch_r1,1.5672492573154047,1.5777511552926913,0.04760536712442196
3536,px4,POSCTL,20260411_014052_px4_manual_sweep_pitch_r1,1.5672273005624504,1.576896762982932,0.045483787195232994
3537,px4,POSCTL,20260411_014052_px4_manual_sweep_pitch_r1,1.5672099858569928,1.5761041289415547,0.04540890991602485
3538,px4,POSCTL,20260411_014052_px4_manual_sweep_pitch_r1,1.567266359434378,1.5754249073970805,0.04524393348078057
3539,px4,POSCTL,20260411_014052_px4_manual_sweep_pitch_r1,1.567386128055325,1.5747130141453713,0.044566559942723856
3540,px4,POSCTL,20260411_014052_px4_manual_sweep_pitch_r1,1.5675580419510737,1.5738902889308948,0.04099796584905871
3541,px4,POSCTL,20260411_014052_px4_manual_sweep_pitch_r1,1.5678047861431732,1.5732703795241778,0.03830562310285091
3542,px4,POSCTL,20260411_014052_px4_manual_sweep_pitch_r1,1.5681689895964268,1.5723350025258,0.03345201070159466
3543,px4,POSCTL,20260411_014052_px4_manual_sweep_pitch_r1,1.5684553719614134,1.5713321681693455,0.02278771368601511
3544,px4,POSCTL,20260411_014052_px4_manual_sweep_pitch_r1,1.5689497795372103,1.5701656402049324,0.013178067290786653
3545,px4,POSCTL,20260411_014052_px4_manual_sweep_pitch_r1,1.5693171164644593,1.569553600542853,0.011108139841032934
3546,px4,POSCTL,20260411_014052_px4_manual_sweep_pitch_r1,1.5696221849063574,1.5688825187090447,0.010881028957966242
3547,px4,POSCTL,20260411_014052_px4_manual_sweep_pitch_r1,1.5699496090417129,1.5680844236882006,0.012559226960937248
3548,px4,POSCTL,20260411_014052_px4_manual_sweep_pitch_r1,1.570369086802303,1.5671814568432054,0.017035519351839525
3549,px4,POSCTL,20260411_014052_px4_manual_sweep_pitch_r1,1.5709830977749686,1.5661592464085237,0.02144148498448623
3550,px4,POSCTL,20260411_014052_px4_manual_sweep_pitch_r1,1.5715830397875077,1.5651284422005705,0.022441756699371342
3551,px4,POSCTL,20260411_014052_px4_manual_sweep_pitch_r1,1.5719409432810216,1.5643279748386179,0.0214627339432464
3552,px4,POSCTL,20260411_014052_px4_manual_sweep_pitch_r1,1.5720705560422883,1.5636322243212533,0.023244239413165505
3553,px4,POSCTL,20260411_014052_px4_manual_sweep_pitch_r1,1.572361154091505,1.5630899614447895,0.021856703293948947
3554,px4,POSCTL,20260411_014052_px4_manual_sweep_pitch_r1,1.572626738935215,1.562325103869687,0.02125226421827007
3555,px4,POSCTL,20260411_014052_px4_manual_sweep_pitch_r1,1.572874071370958,1.5617661779546512,0.024458396826581203
3556,px4,POSCTL,20260411_014052_px4_manual_sweep_pitch_r1,1.5732420898527018,1.5612878518792048,0.029410280037271593
3557,px4,POSCTL,20260411_014052_px4_manual_sweep_pitch_r1,1.5734534192396554,1.5607999802553958,0.03532889494964251
3558,px4,POSCTL,20260411_014052_px4_manual_sweep_pitch_r1,1.5735823851284412,1.560372291885064,0.0400118253930715
3559,px4,POSCTL,20260411_014052_px4_manual_sweep_pitch_r1,1.573676922676722,1.5599259009265714,0.04599626178480649
3560,px4,POSCTL,20260411_014052_px4_manual_sweep_pitch_r1,1.573762168619819,1.5593994216284175,0.05061257735118244
3561,px4,POSCTL,20260411_014052_px4_manual_sweep_pitch_r1,1.5738678067850156,1.5589972447408984,0.05236534229302567
3562,px4,POSCTL,20260411_014052_px4_manual_sweep_pitch_r1,1.573906182579328,1.5585425642691313,0.05230378279866605
3563,px4,POSCTL,20260411_014052_px4_manual_sweep_pitch_r1,1.5740090211583555,1.5582368983888244,0.05184695606563663
3564,px4,POSCTL,20260411_014052_px4_manual_sweep_pitch_r1,1.574152264310573,1.557528852846673,0.05222337273871576
3565,px4,POSCTL,20260411_014052_px4_manual_sweep_pitch_r1,1.5743271096621916,1.5569413041046414,0.0543754188014573
3566,px4,POSCTL,20260411_014052_px4_manual_sweep_pitch_r1,1.5743962271184622,1.556471276866108,0.056821014931691324
3567,px4,POSCTL,20260411_014052_px4_manual_sweep_pitch_r1,1.574420174180812,1.5561393828002124,0.058497601385716816
3568,px4,POSCTL,20260411_014052_px4_manual_sweep_pitch_r1,1.5743650111925058,1.5556876778381807,0.05966531133934987
3569,px4,POSCTL,20260411_014052_px4_manual_sweep_pitch_r1,1.5742985456351934,1.5552648242037792,0.06030768252369673
3570,px4,POSCTL,20260411_014052_px4_manual_sweep_pitch_r1,1.5742198253242479,1.5550530986603215,0.060923036361304965
3571,px4,POSCTL,20260411_014052_px4_manual_sweep_pitch_r1,1.574125112477488,1.5549512850424334,0.06108442229647595
3572,px4,POSCTL,20260411_014052_px4_manual_sweep_pitch_r1,1.5740596208984046,1.5549246553871565,0.06121241576906813
3573,px4,POSCTL,20260411_014052_px4_manual_sweep_pitch_r1,1.574225431449149,1.554913907014523,0.0625017329518366
3574,px4,POSCTL,20260411_014052_px4_manual_sweep_pitch_r1,1.5742925576035538,1.5550488409325207,0.06154061592862975
3575,px4,POSCTL,20260411_014052_px4_manual_sweep_pitch_r1,1.5744727369397216,1.5556061756223536,0.06048127671929747
3576,px4,POSCTL,20260411_014052_px4_manual_sweep_pitch_r1,1.574733693489828,1.556067964312771,0.060001003779801415
3577,px4,POSCTL,20260411_014052_px4_manual_sweep_pitch_r1,1.574953193129222,1.556827594839729,0.05703187148910489
3578,px4,POSCTL,20260411_014052_px4_manual_sweep_pitch_r1,1.575091830495068,1.55787009963849,0.05394126716695603
3579,px4,POSCTL,20260411_014052_px4_manual_sweep_pitch_r1,1.575184037523427,1.5587737737059142,0.0507461081996224
3580,px4,POSCTL,20260411_014052_px4_manual_sweep_pitch_r1,1.5753598205921429,1.5598192174910617,0.04245435797188691
3581,px4,POSCTL,20260411_014052_px4_manual_sweep_pitch_r1,1.5762510472071725,1.5607209821695582,0.05452771819261639
3582,px4,POSCTL,20260411_014052_px4_manual_sweep_pitch_r1,1.5767674884869145,1.5621375069400116,0.06139060981655478
3583,px4,POSCTL,20260411_014052_px4_manual_sweep_pitch_r1,1.5763588987511035,1.5644617620289374,0.04322936380015475
3584,px4,POSCTL,20260411_014052_px4_manual_sweep_pitch_r1,1.5760107880839744,1.566250264207158,0.03862116526056053
3585,px4,POSCTL,20260411_014052_px4_manual_sweep_pitch_r1,1.5757602458101518,1.5668863183627422,0.034753091671637044
3586,px4,POSCTL,20260411_014052_px4_manual_sweep_pitch_r1,1.5758514039777605,1.5677569687685335,0.03448527018880573
3587,px4,POSCTL,20260411_014052_px4_manual_sweep_pitch_r1,1.5758396720086676,1.5687797029897161,0.03352250916816423
3588,px4,POSCTL,20260411_014052_px4_manual_sweep_pitch_r1,1.5757854305202672,1.5701308580400928,0.03167254209848193
3589,px4,POSCTL,20260411_014052_px4_manual_sweep_pitch_r1,1.5758456909116185,1.5712700137376734,0.028929647331279805
3590,px4,POSCTL,20260411_014052_px4_manual_sweep_pitch_r1,1.5760344167099472,1.5724919997878717,0.02991966430071247
3591,px4,POSCTL,20260411_014052_px4_manual_sweep_pitch_r1,1.5765184023026866,1.5739871534052332,0.04096720385573288
3592,px4,POSCTL,20260411_014052_px4_manual_sweep_pitch_r1,1.576437290680163,1.5757459286158746,0.038826340968455664
3593,px4,POSCTL,20260411_014052_px4_manual_sweep_pitch_r1,1.5761850522535739,1.5779836677376877,0.05270118830723291
3594,px4,POSCTL,20260411_014052_px4_manual_sweep_pitch_r1,1.5759346529489857,1.579507768405105,0.050909954522328674
3595,px4,POSCTL,20260411_014052_px4_manual_sweep_pitch_r1,1.5756496361261565,1.5805724704079638,0.042137600370078986
3596,px4,POSCTL,20260411_014052_px4_manual_sweep_pitch_r1,1.5752469898665902,1.5816381896840541,0.04164122112620126
3597,px4,POSCTL,20260411_014052_px4_manual_sweep_pitch_r1,1.5751237271811107,1.5825003824265091,0.040801905147089285
3598,px4,POSCTL,20260411_014052_px4_manual_sweep_pitch_r1,1.5748327529534496,1.5833034118948488,0.04474096533660292
3599,px4,POSCTL,20260411_014052_px4_manual_sweep_pitch_r1,1.5745611760969476,1.571453140157821,0.016362621088038157
3600,px4,POSCTL,20260411_014052_px4_manual_sweep_pitch_r1,1.574348176088746,1.571323530797437,0.016681527343603172
3601,px4,POSCTL,20260411_014052_px4_manual_sweep_pitch_r1,1.5741731712065012,1.5711892780157182,0.015293121238660695
3602,px4,POSCTL,20260411_014052_px4_manual_sweep_pitch_r1,1.574055580354145,1.5710650482215278,0.014645318661361099
3603,px4,POSCTL,20260411_014052_px4_manual_sweep_pitch_r1,1.5741070802482748,1.5710183310672634,0.0160543108643628
3604,px4,POSCTL,20260411_014052_px4_manual_sweep_pitch_r1,1.5740398060996783,1.5709841320030615,0.016392605988287887
3605,px4,POSCTL,20260411_014052_px4_manual_sweep_pitch_r1,1.5739817388750041,1.5713285529120977,0.017408050030555667
3606,px4,POSCTL,20260411_014052_px4_manual_sweep_pitch_r1,1.5739884149481995,1.5714238404711949,0.018577081028488443
3607,px4,POSCTL,20260411_014052_px4_manual_sweep_pitch_r1,1.5739498477305656,1.5713865947237604,0.016030015852793345
3608,px4,POSCTL,20260411_014052_px4_manual_sweep_pitch_r1,1.5739386596027378,1.5713899332768795,0.010138181573418352
3609,px4,POSCTL,20260411_014052_px4_manual_sweep_pitch_r1,1.574059127825232,1.5713981169598477,0.007157827585739801
3610,px4,POSCTL,20260411_014052_px4_manual_sweep_pitch_r1,1.5742391883002245,1.5714570691771652,0.007387101210764227
3611,px4,POSCTL,20260411_014052_px4_manual_sweep_pitch_r1,1.5745826640298954,1.571726198097836,0.010581364015593385
3612,px4,POSCTL,20260411_014052_px4_manual_sweep_pitch_r1,1.5749245917625758,1.5718599750285354,0.012661821199429938
3613,px4,POSCTL,20260411_014052_px4_manual_sweep_pitch_r1,1.5751642759780924,1.5721026335751407,0.01443129604698419
3614,px4,POSCTL,20260411_014052_px4_manual_sweep_pitch_r1,1.5752233429557403,1.5723275615475993,0.01755494493471834
3615,px4,POSCTL,20260411_014052_px4_manual_sweep_pitch_r1,1.5750989411903558,1.572434776887429,0.01505607906853588
3616,px4,POSCTL,20260411_014052_px4_manual_sweep_pitch_r1,1.5748510722068505,1.572352355315169,0.009235981476606583
3617,px4,POSCTL,20260411_014052_px4_manual_sweep_pitch_r1,1.575651051000825,1.572132099640241,0.06399196151887053
4804,px4,POSCTL,20260411_014427_px4_manual_sweep_yaw_r1,1.592101453984587,1.5948790129158192,0.0030312505075557805
4805,px4,POSCTL,20260411_014427_px4_manual_sweep_yaw_r1,1.5921811699563644,1.5950435201750917,0.0030651305981626293
4806,px4,POSCTL,20260411_014427_px4_manual_sweep_yaw_r1,1.592243094238113,1.5952136518600044,0.0032279338043832927
4807,px4,POSCTL,20260411_014427_px4_manual_sweep_yaw_r1,1.5922529189588077,1.5953434925753642,0.0033871015275227464
4808,px4,POSCTL,20260411_014427_px4_manual_sweep_yaw_r1,1.5922539747462183,1.5954544169006257,0.003588695499162242
4809,px4,POSCTL,20260411_014427_px4_manual_sweep_yaw_r1,1.592243846235248,1.5955006992655967,0.0034956326906921582
4810,px4,POSCTL,20260411_014427_px4_manual_sweep_yaw_r1,1.592217754916042,1.5955518045846724,0.0036322755198758324
4811,px4,POSCTL,20260411_014427_px4_manual_sweep_yaw_r1,1.5921922539842797,1.5954987259665707,0.003578592439056705
4812,px4,POSCTL,20260411_014427_px4_manual_sweep_yaw_r1,1.5921126178217855,1.5954567118512495,0.0035929051228150493
4813,px4,POSCTL,20260411_014427_px4_manual_sweep_yaw_r1,1.5920272577336116,1.5954032533235278,0.0036656891644372865
4814,px4,POSCTL,20260411_014427_px4_manual_sweep_yaw_r1,1.5918812259495976,1.5952551277554863,0.003599051663054614
4815,px4,POSCTL,20260411_014427_px4_manual_sweep_yaw_r1,1.5917864834917483,1.595079651532297,0.00374314182916408
4816,px4,POSCTL,20260411_014427_px4_manual_sweep_yaw_r1,1.5917071105061955,1.5949036534356043,0.0034823548329120852
4817,px4,POSCTL,20260411_014427_px4_manual_sweep_yaw_r1,1.5916454435096299,1.59480027544258,0.003305156840107954
4818,px4,POSCTL,20260411_014427_px4_manual_sweep_yaw_r1,1.591573267084158,1.5947206323050775,0.0034635634785451373
4819,px4,POSCTL,20260411_014427_px4_manual_sweep_yaw_r1,1.5915162172597028,1.59466524279381,0.003476590963666212
4820,px4,POSCTL,20260411_014427_px4_manual_sweep_yaw_r1,1.5914169087282843,1.5945577462402092,0.003466772283582406
4821,px4,POSCTL,20260411_014427_px4_manual_sweep_yaw_r1,1.591325583966124,1.5944464984866136,0.0034435949295724844
4822,px4,POSCTL,20260411_014427_px4_manual_sweep_yaw_r1,1.5912346551060181,1.5943461735396547,0.003461110297512025
4823,px4,POSCTL,20260411_014427_px4_manual_sweep_yaw_r1,1.5911805313528824,1.5942206717868566,0.0032830005258301267
4824,px4,POSCTL,20260411_014427_px4_manual_sweep_yaw_r1,1.5911498857916142,1.5941322689450848,0.003330415916142397
4825,px4,POSCTL,20260411_014427_px4_manual_sweep_yaw_r1,1.5911323042416432,1.594051487963094,0.0032810067774841772
4826,px4,POSCTL,20260411_014427_px4_manual_sweep_yaw_r1,1.591177944938399,1.5940220504133902,0.0030869435756031628
4827,px4,POSCTL,20260411_014427_px4_manual_sweep_yaw_r1,1.5913594950323084,1.5939921208498429,0.0029981424093290165
4828,px4,POSCTL,20260411_014427_px4_manual_sweep_yaw_r1,1.5914782005403494,1.5941084756819097,0.002909476445485592
4829,px4,POSCTL,20260411_014427_px4_manual_sweep_yaw_r1,1.5916886008856592,1.594317624003716,0.002862492385209683
4830,px4,POSCTL,20260411_014427_px4_manual_sweep_yaw_r1,1.5918974251540894,1.5944689110863015,0.0029225865666528826
4831,px4,POSCTL,20260411_014427_px4_manual_sweep_yaw_r1,1.5921465469552807,1.5947038147079722,0.0027524380043984593
4832,px4,POSCTL,20260411_014427_px4_manual_sweep_yaw_r1,1.592261986359952,1.5949926443503268,0.0029591613514267936
4833,px4,POSCTL,20260411_014427_px4_manual_sweep_yaw_r1,1.5923629349909676,1.5952304008249607,0.0031814129968149294
4834,px4,POSCTL,20260411_014427_px4_manual_sweep_yaw_r1,1.5924507811153263,1.5953534901445094,0.003162051127807905
4835,px4,POSCTL,20260411_014427_px4_manual_sweep_yaw_r1,1.5924892073959644,1.5954399144925429,0.0032502854327929433
4836,px4,POSCTL,20260411_014427_px4_manual_sweep_yaw_r1,1.592502666922406,1.5955332635408033,0.00343463899407942
4837,px4,POSCTL,20260411_014427_px4_manual_sweep_yaw_r1,1.592493122923615,1.5955388961563466,0.0033066044890892746
4838,px4,POSCTL,20260411_014427_px4_manual_sweep_yaw_r1,1.5924525953553115,1.595543336101838,0.003306820991314469
4839,px4,POSCTL,20260411_014427_px4_manual_sweep_yaw_r1,1.5924331401768819,1.595526539258632,0.003387467913516539
4840,px4,POSCTL,20260411_014427_px4_manual_sweep_yaw_r1,1.592453092186133,1.5954709841535593,0.0033213510970603664
4841,px4,POSCTL,20260411_014427_px4_manual_sweep_yaw_r1,1.5924661627713008,1.5954215141034174,0.0032349284438566023
4842,px4,POSCTL,20260411_014427_px4_manual_sweep_yaw_r1,1.5924481002864954,1.5954232116632112,0.0034078261419686687
4843,px4,POSCTL,20260411_014427_px4_manual_sweep_yaw_r1,1.592382312244903,1.5954070076902092,0.0032172209109112082
4844,px4,POSCTL,20260411_014427_px4_manual_sweep_yaw_r1,1.5923577514503169,1.59536104784746,0.0031989221464109765
4845,px4,POSCTL,20260411_014427_px4_manual_sweep_yaw_r1,1.5923320832705747,1.5952288264827064,0.0031533081891218367
4846,px4,POSCTL,20260411_014427_px4_manual_sweep_yaw_r1,1.5923040431707929,1.5951989683180763,0.0030761292362493685
4847,px4,POSCTL,20260411_014427_px4_manual_sweep_yaw_r1,1.5922370888131796,1.5951674712976205,0.0032394597240028014
4848,px4,POSCTL,20260411_014427_px4_manual_sweep_yaw_r1,1.5921474825692965,1.5951483059888794,0.003403205500878476
4849,px4,POSCTL,20260411_014427_px4_manual_sweep_yaw_r1,1.5920645433190312,1.595033564674575,0.0032840445145101856
4850,px4,POSCTL,20260411_014427_px4_manual_sweep_yaw_r1,1.5919531116198034,1.5949260117893003,0.003369674577662214
4851,px4,POSCTL,20260411_014427_px4_manual_sweep_yaw_r1,1.5918961054391196,1.594804827202259,0.003262473378472663
4852,px4,POSCTL,20260411_014427_px4_manual_sweep_yaw_r1,1.5918408379127509,1.594705468017559,0.0032237264430032505
4853,px4,POSCTL,20260411_014427_px4_manual_sweep_yaw_r1,1.5916802176751566,1.5946567316505877,0.0032244475024637465
4854,px4,POSCTL,20260411_014427_px4_manual_sweep_yaw_r1,1.5915015452588164,1.5945943565823402,0.003503450671350448
4855,px4,POSCTL,20260411_014427_px4_manual_sweep_yaw_r1,1.5912771740131302,1.5943660461527949,0.0033824145312306283
4856,px4,POSCTL,20260411_014427_px4_manual_sweep_yaw_r1,1.590922496490069,1.5941388512735146,0.0034789995013875174
4857,px4,POSCTL,20260411_014427_px4_manual_sweep_yaw_r1,1.5906448873273065,1.5938765511057427,0.003814862404404402
4858,px4,POSCTL,20260411_014427_px4_manual_sweep_yaw_r1,1.5904180258917806,1.5933694217358854,0.0032482225583252695
4859,px4,POSCTL,20260411_014427_px4_manual_sweep_yaw_r1,1.5901282965506909,1.5930321861099945,0.0031911367251694256
4860,px4,POSCTL,20260411_014427_px4_manual_sweep_yaw_r1,1.5898884499309145,1.5927624188092775,0.0033461105340984823
4861,px4,POSCTL,20260411_014427_px4_manual_sweep_yaw_r1,1.5897685337135796,1.592279515600324,0.002928483446909385
4862,px4,POSCTL,20260411_014427_px4_manual_sweep_yaw_r1,1.589726020842581,1.5919671938378392,0.0029774112751927337
4863,px4,POSCTL,20260411_014427_px4_manual_sweep_yaw_r1,1.5897089553768118,1.5918101102196944,0.0026568033209546996
4864,px4,POSCTL,20260411_014427_px4_manual_sweep_yaw_r1,1.5897259971890205,1.5917153309096226,0.002597129233637022
4865,px4,POSCTL,20260411_014427_px4_manual_sweep_yaw_r1,1.5897802197920463,1.591632973205621,0.0025544314175860064
4866,px4,POSCTL,20260411_014427_px4_manual_sweep_yaw_r1,1.5897925259225973,1.5915606927734087,0.002376303470476434
4867,px4,POSCTL,20260411_014427_px4_manual_sweep_yaw_r1,1.5897907692914273,1.5915078709258075,0.002505428219002378
4868,px4,POSCTL,20260411_014427_px4_manual_sweep_yaw_r1,1.589810587184539,1.5914541165149163,0.0024148740212398792
4869,px4,POSCTL,20260411_014427_px4_manual_sweep_yaw_r1,1.5897744247219079,1.5913899951632573,0.002262052226619546
4870,px4,POSCTL,20260411_014427_px4_manual_sweep_yaw_r1,1.5896360326250347,1.5913549919607577,0.0023719716967243103
4871,px4,POSCTL,20260411_014427_px4_manual_sweep_yaw_r1,1.5894748627284043,1.59123456277684,0.002479172899706935
4872,px4,POSCTL,20260411_014427_px4_manual_sweep_yaw_r1,1.5892814529476273,1.5910500227472155,0.0023807153324149253
4873,px4,POSCTL,20260411_014427_px4_manual_sweep_yaw_r1,1.5891540967713227,1.590850268425949,0.002348707914248331
4874,px4,POSCTL,20260411_014427_px4_manual_sweep_yaw_r1,1.5890422464474325,1.5906309662473541,0.0021755314887183493
4875,px4,POSCTL,20260411_014427_px4_manual_sweep_yaw_r1,1.5889558036530385,1.5905110839209466,0.0023770536791767427
4876,px4,POSCTL,20260411_014427_px4_manual_sweep_yaw_r1,1.5888734489671543,1.5903754822548632,0.0022702718044347314
4877,px4,POSCTL,20260411_014427_px4_manual_sweep_yaw_r1,1.5887958332181682,1.590285494290535,0.00210719066354093
4878,px4,POSCTL,20260411_014427_px4_manual_sweep_yaw_r1,1.5887517471996953,1.5901919594404739,0.002146525656189209
4879,px4,POSCTL,20260411_014427_px4_manual_sweep_yaw_r1,1.5886728195937043,1.5900993226892879,0.002070700513724231
4880,px4,POSCTL,20260411_014427_px4_manual_sweep_yaw_r1,1.5886836119977295,1.5900786492237275,0.002221062832486989
4881,px4,POSCTL,20260411_014427_px4_manual_sweep_yaw_r1,1.5887493849608159,1.5900436887760172,0.002509298380126083
4882,px4,POSCTL,20260411_014427_px4_manual_sweep_yaw_r1,1.588835569165117,1.590054983374197,0.0019481454101141938
4883,px4,POSCTL,20260411_014427_px4_manual_sweep_yaw_r1,1.5890358198785692,1.590093920907612,0.0019179259993989495
4884,px4,POSCTL,20260411_014427_px4_manual_sweep_yaw_r1,1.5891963003205092,1.5901468847754503,0.0020233968768104166
4885,px4,POSCTL,20260411_014427_px4_manual_sweep_yaw_r1,1.5893889104243728,1.5903220811969918,0.001711371902128502
4886,px4,POSCTL,20260411_014427_px4_manual_sweep_yaw_r1,1.5896072568700224,1.5904793716403993,0.0019378465554913617
4887,px4,POSCTL,20260411_014427_px4_manual_sweep_yaw_r1,1.5898187243849056,1.5906756062184597,0.0019024125956665847
4888,px4,POSCTL,20260411_014427_px4_manual_sweep_yaw_r1,1.590008148449161,1.5909018064456348,0.0018756459050365752
4889,px4,POSCTL,20260411_014427_px4_manual_sweep_yaw_r1,1.5900653239624767,1.5911078201662956,0.0018572165953184491
4890,px4,POSCTL,20260411_014427_px4_manual_sweep_yaw_r1,1.5900877215506772,1.5912650408922773,0.0021443346676170835
4891,px4,POSCTL,20260411_014427_px4_manual_sweep_yaw_r1,1.5900945262053947,1.5912755469541549,0.002019156731924348
4892,px4,POSCTL,20260411_014427_px4_manual_sweep_yaw_r1,1.5901441207284495,1.5912713224313362,0.002009224370962906
4893,px4,POSCTL,20260411_014427_px4_manual_sweep_yaw_r1,1.5902148696207719,1.5912545141820262,0.002220145825897318
4894,px4,POSCTL,20260411_014427_px4_manual_sweep_yaw_r1,1.5902758259962604,1.5912950820640113,0.002003448908319239
4895,px4,POSCTL,20260411_014427_px4_manual_sweep_yaw_r1,1.5903388911970575,1.5913659507790727,0.0019828536080054105
4896,px4,POSCTL,20260411_014427_px4_manual_sweep_yaw_r1,1.5903525374201795,1.5914152174468923,0.0021238787872926803
4897,px4,POSCTL,20260411_014427_px4_manual_sweep_yaw_r1,1.5903091498839896,1.591454346981406,0.001972042552417819
4898,px4,POSCTL,20260411_014427_px4_manual_sweep_yaw_r1,1.5901498444682969,1.5914668466335493,0.002077560683896447
4899,px4,POSCTL,20260411_014427_px4_manual_sweep_yaw_r1,1.590021188562754,1.5913802020465695,0.0021517245482196813
4900,px4,POSCTL,20260411_014427_px4_manual_sweep_yaw_r1,1.5899483509560777,1.5912130307669947,0.001984331166965793
4901,px4,POSCTL,20260411_014427_px4_manual_sweep_yaw_r1,1.5898597921719628,1.5910182838803661,0.0028642393336541674
4902,px4,POSCTL,20260411_014427_px4_manual_sweep_yaw_r1,1.5892677350574247,1.5910375763842834,0.006166011067727455
4903,px4,POSCTL,20260411_014427_px4_manual_sweep_yaw_r1,1.5881509983713158,1.5918617904858985,0.018531235085101377
4904,px4,POSCTL,20260411_014427_px4_manual_sweep_yaw_r1,1.5879090014801054,1.592119178571864,0.022644160584101257
4905,px4,POSCTL,20260411_014427_px4_manual_sweep_yaw_r1,1.587687428388305,1.5940271037653915,0.024038019256690506
4906,px4,POSCTL,20260411_014427_px4_manual_sweep_yaw_r1,1.5877161386763485,1.5954621472219748,0.030405826624427187
4907,px4,POSCTL,20260411_014427_px4_manual_sweep_yaw_r1,1.5878389634057188,1.5989123176379205,0.025177857302534558
4908,px4,POSCTL,20260411_014427_px4_manual_sweep_yaw_r1,1.5879661969512453,1.6025235561399132,0.019573527711273794
4909,px4,POSCTL,20260411_014427_px4_manual_sweep_yaw_r1,1.5879635620305574,1.6046377491737145,0.017909244404308876
4910,px4,POSCTL,20260411_014427_px4_manual_sweep_yaw_r1,1.5879814883787198,1.6069632777340894,0.020123136647004266
4911,px4,POSCTL,20260411_014427_px4_manual_sweep_yaw_r1,1.58815022220471,1.6072178113847835,0.021198819693059992
4912,px4,POSCTL,20260411_014427_px4_manual_sweep_yaw_r1,1.5884585592728608,1.607823276109349,0.021915211357031353
4913,px4,POSCTL,20260411_014427_px4_manual_sweep_yaw_r1,1.5888778680160713,1.6077363063810595,0.021207837853715297
4914,px4,POSCTL,20260411_014427_px4_manual_sweep_yaw_r1,1.5893234792344004,1.6075807791919914,0.020571419388243146
4915,px4,POSCTL,20260411_014427_px4_manual_sweep_yaw_r1,1.5897372337420244,1.6073963634191015,0.019780259072108092
4916,px4,POSCTL,20260411_014427_px4_manual_sweep_yaw_r1,1.590132717326519,1.607201920883951,0.018984748150561257
4917,px4,POSCTL,20260411_014427_px4_manual_sweep_yaw_r1,1.590502890169347,1.6069768867705074,0.01826231508489815
4918,px4,POSCTL,20260411_014427_px4_manual_sweep_yaw_r1,1.590764238167788,1.6067149901895381,0.017636976879520403
4919,px4,POSCTL,20260411_014427_px4_manual_sweep_yaw_r1,1.5909998128155973,1.6064166784566982,0.016956221041001657
4920,px4,POSCTL,20260411_014427_px4_manual_sweep_yaw_r1,1.5912788791612413,1.6059973224068171,0.016194065877288114
4921,px4,POSCTL,20260411_014427_px4_manual_sweep_yaw_r1,1.5914512603207074,1.6056141352825266,0.01600415899150112
4922,px4,POSCTL,20260411_014427_px4_manual_sweep_yaw_r1,1.5917803662511507,1.6052857550647026,0.016277655046570774
4923,px4,POSCTL,20260411_014427_px4_manual_sweep_yaw_r1,1.5918842515282035,1.604728987327187,0.015268813872360395
4924,px4,POSCTL,20260411_014427_px4_manual_sweep_yaw_r1,1.5919889226426038,1.6039586131001797,0.013680475216691293
4925,px4,POSCTL,20260411_014427_px4_manual_sweep_yaw_r1,1.5921007344040243,1.6035082058184391,0.013020911296268315
4926,px4,POSCTL,20260411_014427_px4_manual_sweep_yaw_r1,1.5921815791712046,1.6029862787327482,0.01218153154941807
4927,px4,POSCTL,20260411_014427_px4_manual_sweep_yaw_r1,1.5923512159863458,1.6025554434194278,0.011691175741484249
4928,px4,POSCTL,20260411_014427_px4_manual_sweep_yaw_r1,1.592577808185585,1.602309456865421,0.011589510430407103
4929,px4,POSCTL,20260411_014427_px4_manual_sweep_yaw_r1,1.5927729924441862,1.6019364635679494,0.011130124413305542
4930,px4,POSCTL,20260411_014427_px4_manual_sweep_yaw_r1,1.5929776441551518,1.6016330574533517,0.01080555405707645
4931,px4,POSCTL,20260411_014427_px4_manual_sweep_yaw_r1,1.5931625999712413,1.6013470658697126,0.010212644650130847
4932,px4,POSCTL,20260411_014427_px4_manual_sweep_yaw_r1,1.5933521587371808,1.6008911808881334,0.009386447385099288
4933,px4,POSCTL,20260411_014427_px4_manual_sweep_yaw_r1,1.593510717382964,1.6006164490179173,0.008822269069998572
4934,px4,POSCTL,20260411_014427_px4_manual_sweep_yaw_r1,1.5936148675926929,1.600354889574893,0.008417620494144965
4935,px4,POSCTL,20260411_014427_px4_manual_sweep_yaw_r1,1.5936989623053512,1.6000237121998855,0.008004922329176318
4936,px4,POSCTL,20260411_014427_px4_manual_sweep_yaw_r1,1.5937238815009358,1.599752935386632,0.007603836244825572
4937,px4,POSCTL,20260411_014427_px4_manual_sweep_yaw_r1,1.5937623896203177,1.5995328935594324,0.007157056470600484
4938,px4,POSCTL,20260411_014427_px4_manual_sweep_yaw_r1,1.5937577148654165,1.5992205656806828,0.006859244874947964
4939,px4,POSCTL,20260411_014427_px4_manual_sweep_yaw_r1,1.5937678440548637,1.5990388456520706,0.006602564116465831
4940,px4,POSCTL,20260411_014427_px4_manual_sweep_yaw_r1,1.5937697218763132,1.59885168143238,0.006351181073383821
4941,px4,POSCTL,20260411_014427_px4_manual_sweep_yaw_r1,1.5935710138145147,1.5986390090402716,0.006078341576837867
4942,px4,POSCTL,20260411_014427_px4_manual_sweep_yaw_r1,1.5931246700641977,1.5984878287205635,0.006088406301298888
4943,px4,POSCTL,20260411_014427_px4_manual_sweep_yaw_r1,1.5925935386729781,1.5980648139547353,0.005975218344048974
4944,px4,POSCTL,20260411_014427_px4_manual_sweep_yaw_r1,1.5922101765646275,1.5972483209925332,0.005704366848173305
4945,px4,POSCTL,20260411_014427_px4_manual_sweep_yaw_r1,1.5918651219438331,1.5965346170495602,0.005414721793004255
4946,px4,POSCTL,20260411_014427_px4_manual_sweep_yaw_r1,1.5916761573724683,1.5960151648699255,0.005391462326782036
4947,px4,POSCTL,20260411_014427_px4_manual_sweep_yaw_r1,1.5917874209484069,1.5954961858276342,0.0049399060451554375
4948,px4,POSCTL,20260411_014427_px4_manual_sweep_yaw_r1,1.5919651083823998,1.5952766514512917,0.0046218904140236175
4949,px4,POSCTL,20260411_014427_px4_manual_sweep_yaw_r1,1.5921947016768219,1.5952973138470836,0.004359067133897532
4950,px4,POSCTL,20260411_014427_px4_manual_sweep_yaw_r1,1.5925101108475426,1.5953134082914289,0.003943587848723971
4951,px4,POSCTL,20260411_014427_px4_manual_sweep_yaw_r1,1.5927813300220508,1.5954495700065507,0.0037301187726627586
4952,px4,POSCTL,20260411_014427_px4_manual_sweep_yaw_r1,1.5934381805538598,1.5956071824529325,0.00345274084497735
4953,px4,POSCTL,20260411_014427_px4_manual_sweep_yaw_r1,1.594491811733296,1.5957446214892357,0.0029048359828528205
4954,px4,POSCTL,20260411_014427_px4_manual_sweep_yaw_r1,1.5953541728456835,1.5963025399077562,0.0023358543901806617
4955,px4,POSCTL,20260411_014427_px4_manual_sweep_yaw_r1,1.5959919964251874,1.5972112950665855,0.0019150584084548807
4956,px4,POSCTL,20260411_014427_px4_manual_sweep_yaw_r1,1.5962480723685197,1.597977874210067,0.0021079077898309272
4957,px4,POSCTL,20260411_014427_px4_manual_sweep_yaw_r1,1.5965335754083412,1.5984760644736937,0.0022912054096170284
4958,px4,POSCTL,20260411_014427_px4_manual_sweep_yaw_r1,1.5960616047051355,1.5986361560339535,0.00284596902522719
4959,px4,POSCTL,20260411_014427_px4_manual_sweep_yaw_r1,1.595441367754259,1.5987801891126845,0.00360131536412101
4960,px4,POSCTL,20260411_014427_px4_manual_sweep_yaw_r1,1.5950300716571526,1.5982328277080895,0.003595506734689353
4961,px4,POSCTL,20260411_014427_px4_manual_sweep_yaw_r1,1.594043590525233,1.5975132898489535,0.003981881260608367
4962,px4,POSCTL,20260411_014427_px4_manual_sweep_yaw_r1,1.5931459073155447,1.5970004745189976,0.0044405920771882065
4963,px4,POSCTL,20260411_014427_px4_manual_sweep_yaw_r1,1.5926009189740515,1.5960155569285737,0.004008043628498628
4964,px4,POSCTL,20260411_014427_px4_manual_sweep_yaw_r1,1.591784923510251,1.5951744065894469,0.004057511305110111
4965,px4,POSCTL,20260411_014427_px4_manual_sweep_yaw_r1,1.5910578259137678,1.5944607576409728,0.00429992141532445
4966,px4,POSCTL,20260411_014427_px4_manual_sweep_yaw_r1,1.5907845651409813,1.5935514142705867,0.003894023932478716
4967,px4,POSCTL,20260411_014427_px4_manual_sweep_yaw_r1,1.5906455647860989,1.5927284546857947,0.0033920034674959115
4968,px4,POSCTL,20260411_014427_px4_manual_sweep_yaw_r1,1.5905604450168962,1.5924718234841178,0.0034323723174023058
4969,px4,POSCTL,20260411_014427_px4_manual_sweep_yaw_r1,1.590471411807313,1.5923815691862404,0.003364585941860669
4970,px4,POSCTL,20260411_014427_px4_manual_sweep_yaw_r1,1.5902324800200098,1.592343257792335,0.0033337910241632352
4971,px4,POSCTL,20260411_014427_px4_manual_sweep_yaw_r1,1.5900687136486524,1.5923069516958577,0.00344118601807293
4972,px4,POSCTL,20260411_014427_px4_manual_sweep_yaw_r1,1.590373893822723,1.5920794199754476,0.0033775385782013963
4973,px4,POSCTL,20260411_014427_px4_manual_sweep_yaw_r1,1.5906863067758135,1.5919751905007875,0.0030255652941206094
4974,px4,POSCTL,20260411_014427_px4_manual_sweep_yaw_r1,1.591194413853141,1.5923319811756804,0.0027922334349772637
4975,px4,POSCTL,20260411_014427_px4_manual_sweep_yaw_r1,1.5916154874237032,1.5927702495203675,0.0026473239552272684
4976,px4,POSCTL,20260411_014427_px4_manual_sweep_yaw_r1,1.5920541305383147,1.593392771939416,0.0023843532605998417
4977,px4,POSCTL,20260411_014427_px4_manual_sweep_yaw_r1,1.5924995121189247,1.5939135015333672,0.0019243168258137767
4978,px4,POSCTL,20260411_014427_px4_manual_sweep_yaw_r1,1.5930232933347062,1.594372421677174,0.0017033336031429397
4979,px4,POSCTL,20260411_014427_px4_manual_sweep_yaw_r1,1.5935783124338587,1.5948876848336297,0.00189176745024077
4980,px4,POSCTL,20260411_014427_px4_manual_sweep_yaw_r1,1.5940058232771375,1.5953586967413251,0.0018795098987653672
4981,px4,POSCTL,20260411_014427_px4_manual_sweep_yaw_r1,1.5946734566299998,1.595777710365932,0.0014485549764224532
4982,px4,POSCTL,20260411_014427_px4_manual_sweep_yaw_r1,1.5951449756381604,1.5961660689355137,0.0014155164299851516
4983,px4,POSCTL,20260411_014427_px4_manual_sweep_yaw_r1,1.5957481588418225,1.5967288390683387,0.0013625375358864897
4984,px4,POSCTL,20260411_014427_px4_manual_sweep_yaw_r1,1.5966236767228819,1.5971133660220151,0.0016864360189163445
4985,px4,POSCTL,20260411_014427_px4_manual_sweep_yaw_r1,1.5972660153333333,1.5977156792622922,0.0023146514236799323
4986,px4,POSCTL,20260411_014427_px4_manual_sweep_yaw_r1,1.5980247565354453,1.5986118532967353,0.0031700959813813793
4987,px4,POSCTL,20260411_014427_px4_manual_sweep_yaw_r1,1.5986965697766116,1.5992150727081809,0.003436833464013241
4988,px4,POSCTL,20260411_014427_px4_manual_sweep_yaw_r1,1.5992528980011171,1.5999348201735095,0.003769399511938631
4989,px4,POSCTL,20260411_014427_px4_manual_sweep_yaw_r1,1.5997257597570995,1.6005312572991248,0.004114431215059402
4990,px4,POSCTL,20260411_014427_px4_manual_sweep_yaw_r1,1.6002179305445623,1.6010825704025995,0.004075168369499951
4991,px4,POSCTL,20260411_014427_px4_manual_sweep_yaw_r1,1.6006402939139859,1.6015195995515557,0.004156937214060284
4992,px4,POSCTL,20260411_014427_px4_manual_sweep_yaw_r1,1.6007837080225356,1.6019820384185435,0.004525699714677423
4993,px4,POSCTL,20260411_014427_px4_manual_sweep_yaw_r1,1.6007194007279368,1.6023724108806325,0.004417819616140755
4994,px4,POSCTL,20260411_014427_px4_manual_sweep_yaw_r1,1.6004156097627356,1.6024100274239408,0.003943730008531047
4995,px4,POSCTL,20260411_014427_px4_manual_sweep_yaw_r1,1.60006451613563,1.6022866620961724,0.003763070673505086
4996,px4,POSCTL,20260411_014427_px4_manual_sweep_yaw_r1,1.5997951218669049,1.6019491284675889,0.0036692063884768773
4997,px4,POSCTL,20260411_014427_px4_manual_sweep_yaw_r1,1.5993860498859545,1.6016094572296034,0.003924536352934816
4998,px4,POSCTL,20260411_014427_px4_manual_sweep_yaw_r1,1.5991074088671497,1.6013847766049722,0.004151607878656526
4999,px4,POSCTL,20260411_014427_px4_manual_sweep_yaw_r1,1.598889666042585,1.6010585682668532,0.00406781261828386
5000,px4,POSCTL,20260411_014427_px4_manual_sweep_yaw_r1,1.5982789880807644,1.6008145763652406,0.0044751604930706925
5001,px4,POSCTL,20260411_014427_px4_manual_sweep_yaw_r1,1.5977820757698589,1.600611290367211,0.004623485404661918
5002,px4,POSCTL,20260411_014427_px4_manual_sweep_yaw_r1,1.597030653628483,1.6001515283377312,0.004636027036993396
5003,px4,POSCTL,20260411_014427_px4_manual_sweep_yaw_r1,1.5964669154250952,1.5995483377707909,0.0044618493790966555
5004,px4,POSCTL,20260411_014427_px4_manual_sweep_yaw_r1,1.5959418818932343,1.598793903209522,0.0040585588494588916
5005,px4,POSCTL,20260411_014427_px4_manual_sweep_yaw_r1,1.595290687033529,1.5982141271287396,0.0037801943527229855
5006,px4,POSCTL,20260411_014427_px4_manual_sweep_yaw_r1,1.5948530554792903,1.5976597660909935,0.003485506274801367
5007,px4,POSCTL,20260411_014427_px4_manual_sweep_yaw_r1,1.5943597409035855,1.5970082422594638,0.003362305588783785
5008,px4,POSCTL,20260411_014427_px4_manual_sweep_yaw_r1,1.5940482000648002,1.5964968982491603,0.0029791789670320324
5009,px4,POSCTL,20260411_014427_px4_manual_sweep_yaw_r1,1.5936856750588102,1.5959532093448587,0.0027579531324590837
5010,px4,POSCTL,20260411_014427_px4_manual_sweep_yaw_r1,1.5933715164507003,1.595671710470401,0.0027446836982812635
5011,px4,POSCTL,20260411_014427_px4_manual_sweep_yaw_r1,1.5932700476772463,1.5952648397314177,0.002516691789048469
5012,px4,POSCTL,20260411_014427_px4_manual_sweep_yaw_r1,1.5932392872092227,1.5949130822186428,0.002248339048020613
5013,px4,POSCTL,20260411_014427_px4_manual_sweep_yaw_r1,1.5931867775552413,1.5947605068048578,0.0023417231804974104
5014,px4,POSCTL,20260411_014427_px4_manual_sweep_yaw_r1,1.5932134537335505,1.5947381169858383,0.002391396401030474
5015,px4,POSCTL,20260411_014427_px4_manual_sweep_yaw_r1,1.5932722007711995,1.5946901852781257,0.0024664275460688613
5016,px4,POSCTL,20260411_014427_px4_manual_sweep_yaw_r1,1.5932846364810849,1.5946836587086846,0.0022119984472305887
5017,px4,POSCTL,20260411_014427_px4_manual_sweep_yaw_r1,1.593281036310892,1.594674628359154,0.0022351053504279773
5018,px4,POSCTL,20260411_014427_px4_manual_sweep_yaw_r1,1.5931004252578516,1.5946349435432305,0.002538468612211273
5019,px4,POSCTL,20260411_014427_px4_manual_sweep_yaw_r1,1.5928913664323003,1.5945367419070984,0.0028354283178409264
5020,px4,POSCTL,20260411_014427_px4_manual_sweep_yaw_r1,1.592416932254099,1.5942661076921998,0.0036590519765909786
5021,px4,POSCTL,20260411_014427_px4_manual_sweep_yaw_r1,1.592109029564196,1.593917153519467,0.0037826499919584597
5022,px4,POSCTL,20260411_014427_px4_manual_sweep_yaw_r1,1.5918001656457992,1.593149442967198,0.002883089961171576
5023,px4,POSCTL,20260411_014427_px4_manual_sweep_yaw_r1,1.5915658361986318,1.5925234293546575,0.002403066869343153
5024,px4,POSCTL,20260411_014427_px4_manual_sweep_yaw_r1,1.5913719669506698,1.5920092388458627,0.0018653747126929766
5025,px4,POSCTL,20260411_014427_px4_manual_sweep_yaw_r1,1.5911608096728138,1.5916532538950756,0.0017027429960751231
5026,px4,POSCTL,20260411_014427_px4_manual_sweep_yaw_r1,1.5910001536363954,1.5913910552752952,0.0017615443405616348
5027,px4,POSCTL,20260411_014427_px4_manual_sweep_yaw_r1,1.590969475868893,1.5911667173606905,0.0019895899206397883
5028,px4,POSCTL,20260411_014427_px4_manual_sweep_yaw_r1,1.590989496995243,1.5909713110826988,0.0017817430800555084
5029,px4,POSCTL,20260411_014427_px4_manual_sweep_yaw_r1,1.5909773594304624,1.5909065125748618,0.00241671075348725
5030,px4,POSCTL,20260411_014427_px4_manual_sweep_yaw_r1,1.5909641219563535,1.59090724327679,0.0023786572613419626
5031,px4,POSCTL,20260411_014427_px4_manual_sweep_yaw_r1,1.5912929317558455,1.5908731619473007,0.0023498203966664873
5032,px4,POSCTL,20260411_014427_px4_manual_sweep_yaw_r1,1.5914063059837569,1.5908563292690352,0.0024721842305967276
5033,px4,POSCTL,20260411_014427_px4_manual_sweep_yaw_r1,1.5915995850774383,1.5911283895261799,0.0021876096548176
5034,px4,POSCTL,20260411_014427_px4_manual_sweep_yaw_r1,1.5917976835044387,1.591261378987984,0.0017496496835450492
5035,px4,POSCTL,20260411_014427_px4_manual_sweep_yaw_r1,1.5919088185580537,1.5914439357329242,0.0015745405607233151
5036,px4,POSCTL,20260411_014427_px4_manual_sweep_yaw_r1,1.592070917382403,1.5916278865761908,0.001312179126131873
5037,px4,POSCTL,20260411_014427_px4_manual_sweep_yaw_r1,1.5921894510281427,1.5917369911284616,0.0013718757668649275
5038,px4,POSCTL,20260411_014427_px4_manual_sweep_yaw_r1,1.5921755158908577,1.591881936690888,0.0011593475190818617
5039,px4,POSCTL,20260411_014427_px4_manual_sweep_yaw_r1,1.5921499300611468,1.5919674343387538,0.0008932633931454399
5040,px4,POSCTL,20260411_014427_px4_manual_sweep_yaw_r1,1.5921049849062656,1.591935256132479,0.001510044867116509
5041,px4,POSCTL,20260411_014427_px4_manual_sweep_yaw_r1,1.592097940515747,1.59188161534283,0.0013506214464410282
5042,px4,POSCTL,20260411_014427_px4_manual_sweep_yaw_r1,1.592090799592199,1.5917588396553872,0.0011351590050203753
5043,px4,POSCTL,20260411_014427_px4_manual_sweep_yaw_r1,1.5920210382199202,1.5916440126817213,0.0011769807683790514
5044,px4,POSCTL,20260411_014427_px4_manual_sweep_yaw_r1,1.5920393995831386,1.5915380310250549,0.0015214516792512406
5045,px4,POSCTL,20260411_014427_px4_manual_sweep_yaw_r1,1.5921114628809918,1.5913402000011627,0.0017508714368288224
5046,px4,POSCTL,20260411_014427_px4_manual_sweep_yaw_r1,1.592199977021737,1.591363231371385,0.0018891724254614438
5047,px4,POSCTL,20260411_014427_px4_manual_sweep_yaw_r1,1.5922657413672827,1.5913936081679698,0.0018412609480318559
5048,px4,POSCTL,20260411_014427_px4_manual_sweep_yaw_r1,1.5924505225295218,1.5914795110361388,0.001881527973924966
5049,px4,POSCTL,20260411_014427_px4_manual_sweep_yaw_r1,1.592717036827244,1.591535953906108,0.0020491589279925736
5050,px4,POSCTL,20260411_014427_px4_manual_sweep_yaw_r1,1.5929587476125688,1.591721194772184,0.002278379351363168
5051,px4,POSCTL,20260411_014427_px4_manual_sweep_yaw_r1,1.5931963683745054,1.591976099960825,0.001920734760911276
5052,px4,POSCTL,20260411_014427_px4_manual_sweep_yaw_r1,1.5934687101925995,1.5922094543419887,0.0018316353653631695
5053,px4,POSCTL,20260411_014427_px4_manual_sweep_yaw_r1,1.5937732828126223,1.5924402886761815,0.00216066971163147
5054,px4,POSCTL,20260411_014427_px4_manual_sweep_yaw_r1,1.593934676283757,1.5926438436800259,0.002134440277324667
5055,px4,POSCTL,20260411_014427_px4_manual_sweep_yaw_r1,1.5940464949172253,1.592851073929677,0.0017714741966666121
5056,px4,POSCTL,20260411_014427_px4_manual_sweep_yaw_r1,1.5940698201948975,1.592977719341687,0.0016420476469472406
5057,px4,POSCTL,20260411_014427_px4_manual_sweep_yaw_r1,1.593987041949265,1.5930635501486576,0.0018748230978993241
5058,px4,POSCTL,20260411_014427_px4_manual_sweep_yaw_r1,1.5939559493054167,1.5930774641255314,0.00217775540617559
5059,px4,POSCTL,20260411_014427_px4_manual_sweep_yaw_r1,1.593988767715308,1.5929770079773347,0.0020540499317562174
5060,px4,POSCTL,20260411_014427_px4_manual_sweep_yaw_r1,1.5940287128678325,1.5928837536011797,0.0019665235848795658
5061,px4,POSCTL,20260411_014427_px4_manual_sweep_yaw_r1,1.5939828788620776,1.592790784600422,0.0021689799281627065
5062,px4,POSCTL,20260411_014427_px4_manual_sweep_yaw_r1,1.594014920614278,1.5922051255452656,0.00254759895792013
5063,px4,POSCTL,20260411_014427_px4_manual_sweep_yaw_r1,1.5940541601169835,1.5908478656319407,0.0036965788742555766
5064,px4,POSCTL,20260411_014427_px4_manual_sweep_yaw_r1,1.5940514001108543,1.5899712908273405,0.004582456936319195
5065,px4,POSCTL,20260411_014427_px4_manual_sweep_yaw_r1,1.5940758729187834,1.5894601404089588,0.005091620172099591
5066,px4,POSCTL,20260411_014427_px4_manual_sweep_yaw_r1,1.5940964538982583,1.5897276580516142,0.004771185012594566
5067,px4,POSCTL,20260411_014427_px4_manual_sweep_yaw_r1,1.5941754260601622,1.5900314638590238,0.004715176600969906
5068,px4,POSCTL,20260411_014427_px4_manual_sweep_yaw_r1,1.5942411598142818,1.590261246850424,0.004463693688366253
5069,px4,POSCTL,20260411_014427_px4_manual_sweep_yaw_r1,1.5944211721280854,1.5907740751465713,0.020754593741475428
5070,px4,POSCTL,20260411_014427_px4_manual_sweep_yaw_r1,1.5974456741320358,1.5911337361843445,0.09945498549096791
5071,px4,POSCTL,20260411_014427_px4_manual_sweep_yaw_r1,1.6177056382501145,1.5912572750248823,0.2647559214835011
5072,px4,POSCTL,20260411_014427_px4_manual_sweep_yaw_r1,1.6341928457556099,1.592596586913491,0.31574457044102716
5073,px4,POSCTL,20260411_014427_px4_manual_sweep_yaw_r1,1.6207562708334202,1.6049510797030733,0.23506739949888145
5074,px4,POSCTL,20260411_014427_px4_manual_sweep_yaw_r1,1.6033815324066671,1.6162539336030193,0.24344722517225548
5075,px4,POSCTL,20260411_014427_px4_manual_sweep_yaw_r1,1.5951501346098895,1.6076724545887464,0.24321542382176964
5076,px4,POSCTL,20260411_014427_px4_manual_sweep_yaw_r1,1.597192103876942,1.596457591501917,0.20789958413623066
5077,px4,POSCTL,20260411_014427_px4_manual_sweep_yaw_r1,1.601878820057457,1.5923451764656151,0.15990731741036576
5078,px4,POSCTL,20260411_014427_px4_manual_sweep_yaw_r1,1.6052322248702466,1.5960974434672648,0.15613737442939432
5079,px4,POSCTL,20260411_014427_px4_manual_sweep_yaw_r1,1.606211274997221,1.6012840053531952,0.16653940343531334
5080,px4,POSCTL,20260411_014427_px4_manual_sweep_yaw_r1,1.6044965594485336,1.6044515954274767,0.1646891646539689
5081,px4,POSCTL,20260411_014427_px4_manual_sweep_yaw_r1,1.6021149282159954,1.6053174168538644,0.15718060413045795
5082,px4,POSCTL,20260411_014427_px4_manual_sweep_yaw_r1,1.5996314761026345,1.6035566198869486,0.13756007729812933
5083,px4,POSCTL,20260411_014427_px4_manual_sweep_yaw_r1,1.5979494619171242,1.6011946772547483,0.11297563293787752
5084,px4,POSCTL,20260411_014427_px4_manual_sweep_yaw_r1,1.596737959522022,1.598907271119376,0.09320089198128474
5085,px4,POSCTL,20260411_014427_px4_manual_sweep_yaw_r1,1.5958557019293924,1.5974358659395191,0.0827375916253418
5086,px4,POSCTL,20260411_014427_px4_manual_sweep_yaw_r1,1.595395506970424,1.596357477981161,0.07490042519568123
5087,px4,POSCTL,20260411_014427_px4_manual_sweep_yaw_r1,1.5946551086468308,1.595601486052563,0.0660263283631329
5088,px4,POSCTL,20260411_014427_px4_manual_sweep_yaw_r1,1.59424234419074,1.5952496443102218,0.0627207842765604
5089,px4,POSCTL,20260411_014427_px4_manual_sweep_yaw_r1,1.5937082511104257,1.594613479011109,0.05296136735066776
5090,px4,POSCTL,20260411_014427_px4_manual_sweep_yaw_r1,1.5932926788074604,1.5943264175692595,0.0475294807760069
5091,px4,POSCTL,20260411_014427_px4_manual_sweep_yaw_r1,1.593103251950368,1.593973906197601,0.040149941373482406
5092,px4,POSCTL,20260411_014427_px4_manual_sweep_yaw_r1,1.5930858082284516,1.593770758061925,0.03184453233005974
5093,px4,POSCTL,20260411_014427_px4_manual_sweep_yaw_r1,1.5929713690998801,1.5938078643540428,0.02643383595725986
5094,px4,POSCTL,20260411_014427_px4_manual_sweep_yaw_r1,1.5927547477779158,1.5940352833279647,0.022199923780276645
5095,px4,POSCTL,20260411_014427_px4_manual_sweep_yaw_r1,1.5925610438603088,1.5941509185601632,0.01834469352336521
5096,px4,POSCTL,20260411_014427_px4_manual_sweep_yaw_r1,1.5924463779632088,1.5940194624537567,0.01753602432671398
5097,px4,POSCTL,20260411_014427_px4_manual_sweep_yaw_r1,1.592411760094254,1.5939226392733892,0.015204320283556165
5098,px4,POSCTL,20260411_014427_px4_manual_sweep_yaw_r1,1.5925150791483575,1.5939045054284822,0.015961788680447484
5099,px4,POSCTL,20260411_014427_px4_manual_sweep_yaw_r1,1.5926868090485562,1.594036175120063,0.017538308179091446
5100,px4,POSCTL,20260411_014427_px4_manual_sweep_yaw_r1,1.5928854429878854,1.5943895162303714,0.02184869063157692
5101,px4,POSCTL,20260411_014427_px4_manual_sweep_yaw_r1,1.593050047593464,1.5947665229956511,0.02667962232216139
5102,px4,POSCTL,20260411_014427_px4_manual_sweep_yaw_r1,1.593244502143572,1.595031862211983,0.025663790073146186
5103,px4,POSCTL,20260411_014427_px4_manual_sweep_yaw_r1,1.5934606530266395,1.5952911551266777,0.02725460130289663
5104,px4,POSCTL,20260411_014427_px4_manual_sweep_yaw_r1,1.5936541326936597,1.5955942409654058,0.023287552255119623
5105,px4,POSCTL,20260411_014427_px4_manual_sweep_yaw_r1,1.59395042281775,1.5958205790333533,0.02126912669824291
5106,px4,POSCTL,20260411_014427_px4_manual_sweep_yaw_r1,1.5942453532287795,1.5961565700259006,0.02419105783212914
5107,px4,POSCTL,20260411_014427_px4_manual_sweep_yaw_r1,1.5945073345885143,1.5966022558800375,0.028247523445451006
5108,px4,POSCTL,20260411_014427_px4_manual_sweep_yaw_r1,1.5946636639209837,1.597125427686762,0.03171275120853266
5109,px4,POSCTL,20260411_014427_px4_manual_sweep_yaw_r1,1.594722630046072,1.597547848247828,0.03494054265868993
5110,px4,POSCTL,20260411_014427_px4_manual_sweep_yaw_r1,1.5945986100682694,1.5976835611270175,0.03469901299267307
5111,px4,POSCTL,20260411_014427_px4_manual_sweep_yaw_r1,1.5945643853709897,1.597800738739661,0.03584057769142315
5112,px4,POSCTL,20260411_014427_px4_manual_sweep_yaw_r1,1.5944958429971323,1.5976041908977792,0.02872551648071468
5113,px4,POSCTL,20260411_014427_px4_manual_sweep_yaw_r1,1.5944342152817779,1.5974932724187323,0.023954567420749934
5114,px4,POSCTL,20260411_014427_px4_manual_sweep_yaw_r1,1.5943530350351665,1.597491381824129,0.02052687172940147
5115,px4,POSCTL,20260411_014427_px4_manual_sweep_yaw_r1,1.5942844804149683,1.5975787808464634,0.023931487836435582
5116,px4,POSCTL,20260411_014427_px4_manual_sweep_yaw_r1,1.594278286004197,1.597577749020684,0.027955416878444564
5117,px4,POSCTL,20260411_014427_px4_manual_sweep_yaw_r1,1.5941093566570101,1.5974942691616363,0.021031191573346465
5118,px4,POSCTL,20260411_014427_px4_manual_sweep_yaw_r1,1.5939102650563601,1.597378289440741,0.013329444048301975
5119,px4,POSCTL,20260411_014427_px4_manual_sweep_yaw_r1,1.5934916276057312,1.5973926512668293,0.012777138509456292
5120,px4,POSCTL,20260411_014427_px4_manual_sweep_yaw_r1,1.5931644763809658,1.5973604631877631,0.013599154247103572
5121,px4,POSCTL,20260411_014427_px4_manual_sweep_yaw_r1,1.5929590633895179,1.597172236929662,0.016276038300601786
5122,px4,POSCTL,20260411_014427_px4_manual_sweep_yaw_r1,1.5927575049352374,1.5970129339871773,0.0174470401251994
5123,px4,POSCTL,20260411_014427_px4_manual_sweep_yaw_r1,1.5926127011543811,1.5969285966653164,0.019310160536717184
5124,px4,POSCTL,20260411_014427_px4_manual_sweep_yaw_r1,1.5925129802962803,1.5967805844650667,0.01765517464318207
5125,px4,POSCTL,20260411_014427_px4_manual_sweep_yaw_r1,1.592488801918457,1.5966821739962478,0.01828670021507794
5126,px4,POSCTL,20260411_014427_px4_manual_sweep_yaw_r1,1.5925202422278555,1.5965549753033101,0.017779313368310935
5127,px4,POSCTL,20260411_014427_px4_manual_sweep_yaw_r1,1.592517412131928,1.5964621987067251,0.019577857978324564
5128,px4,POSCTL,20260411_014427_px4_manual_sweep_yaw_r1,1.5925181500413426,1.596255869269466,0.020645476337622037
5129,px4,POSCTL,20260411_014427_px4_manual_sweep_yaw_r1,1.592566220184346,1.596035378130494,0.019208194033123554
5130,px4,POSCTL,20260411_014427_px4_manual_sweep_yaw_r1,1.5926784403920509,1.5957479780822432,0.015126440286387648
5131,px4,POSCTL,20260411_014427_px4_manual_sweep_yaw_r1,1.5928299896135798,1.5954582203006749,0.01199737898113363
5132,px4,POSCTL,20260411_014427_px4_manual_sweep_yaw_r1,1.5930174074687717,1.5953539109957635,0.011701198622232458
5133,px4,POSCTL,20260411_014427_px4_manual_sweep_yaw_r1,1.5932342270943138,1.59526861460232,0.01380723404582632
5134,px4,POSCTL,20260411_014427_px4_manual_sweep_yaw_r1,1.5933790032335724,1.5952500343644833,0.016880945065612718
5135,px4,POSCTL,20260411_014427_px4_manual_sweep_yaw_r1,1.5936382044067106,1.5950644533029925,0.015856275077137737
5136,px4,POSCTL,20260411_014427_px4_manual_sweep_yaw_r1,1.5939531479125864,1.594995177040014,0.023624053790134124
5137,px4,POSCTL,20260411_014427_px4_manual_sweep_yaw_r1,1.5943386780505837,1.5951141877118216,0.025064519470705846
5138,px4,POSCTL,20260411_014427_px4_manual_sweep_yaw_r1,1.594601906904617,1.5953991986794436,0.026191089196411353
5139,px4,POSCTL,20260411_014427_px4_manual_sweep_yaw_r1,1.5947812084194382,1.5956393064705037,0.028184191444158367
5140,px4,POSCTL,20260411_014427_px4_manual_sweep_yaw_r1,1.5949978046701352,1.5956797897880122,0.02935603707590457
5141,px4,POSCTL,20260411_014427_px4_manual_sweep_yaw_r1,1.595217944201235,1.5954983858534144,0.02917153352001895
5142,px4,POSCTL,20260411_014427_px4_manual_sweep_yaw_r1,1.5953169111015255,1.5953246170726918,0.024078023241512387
5143,px4,POSCTL,20260411_014427_px4_manual_sweep_yaw_r1,1.5954304817416234,1.5950980512985256,0.019127206102913092
5144,px4,POSCTL,20260411_014427_px4_manual_sweep_yaw_r1,1.5953730799084618,1.5947835154201182,0.01622687589402878
5145,px4,POSCTL,20260411_014427_px4_manual_sweep_yaw_r1,1.595299221797636,1.5945230955057608,0.011141393280255438
5146,px4,POSCTL,20260411_014427_px4_manual_sweep_yaw_r1,1.5951195313950772,1.5943462772588948,0.007391755773890811
5147,px4,POSCTL,20260411_014427_px4_manual_sweep_yaw_r1,1.5949547990292192,1.5941224549295356,0.00471986800301179
5148,px4,POSCTL,20260411_014427_px4_manual_sweep_yaw_r1,1.5948335909052054,1.5939193188273577,0.007838477446785314
5149,px4,POSCTL,20260411_014427_px4_manual_sweep_yaw_r1,1.594906001729083,1.5936302260817667,0.008741365197632057
5150,px4,POSCTL,20260411_014427_px4_manual_sweep_yaw_r1,1.5950744760734903,1.5935956838177485,0.010925448483959767
5151,px4,POSCTL,20260411_014427_px4_manual_sweep_yaw_r1,1.595319707905796,1.5937458904396837,0.0131367797554781
5152,px4,POSCTL,20260411_014427_px4_manual_sweep_yaw_r1,1.5955612368682628,1.5940055028096072,0.007944736259035025
5153,px4,POSCTL,20260411_014427_px4_manual_sweep_yaw_r1,1.5956921737917167,1.5941743236083608,0.006249591761395813
5154,px4,POSCTL,20260411_014427_px4_manual_sweep_yaw_r1,1.5958134511761206,1.5943275340958205,0.011694178452334957
5155,px4,POSCTL,20260411_014427_px4_manual_sweep_yaw_r1,1.5958959978059866,1.5943170583150366,0.00864528293680052
5156,px4,POSCTL,20260411_014427_px4_manual_sweep_yaw_r1,1.5959267869942513,1.5942584371019517,0.007929474937807041
5157,px4,POSCTL,20260411_014427_px4_manual_sweep_yaw_r1,1.5959832945868737,1.594295264984844,0.009913342202995752
5158,px4,POSCTL,20260411_014427_px4_manual_sweep_yaw_r1,1.5960879050222,1.59411282288969,0.012045179871500966
5159,px4,POSCTL,20260411_014427_px4_manual_sweep_yaw_r1,1.5960640006446702,1.5941039599209743,0.013266937581871485
5160,px4,POSCTL,20260411_014427_px4_manual_sweep_yaw_r1,1.5960382538459272,1.5939221455739248,0.01744302788687977
5161,px4,POSCTL,20260411_014427_px4_manual_sweep_yaw_r1,1.5960175060090853,1.5936861318275548,0.015247803758414892
5162,px4,POSCTL,20260411_014427_px4_manual_sweep_yaw_r1,1.5960205872792086,1.5934428755881944,0.01422449057504489
5163,px4,POSCTL,20260411_014427_px4_manual_sweep_yaw_r1,1.5960895606862644,1.5931826431984422,0.012965650163355673
5164,px4,POSCTL,20260411_014427_px4_manual_sweep_yaw_r1,1.5961500439178407,1.592951754826525,0.009022668655889394
5165,px4,POSCTL,20260411_014427_px4_manual_sweep_yaw_r1,1.5963236809329244,1.592669422575028,0.007893597524275531
5166,px4,POSCTL,20260411_014427_px4_manual_sweep_yaw_r1,1.596542825857521,1.592430900205861,0.009014246248261661
5167,px4,POSCTL,20260411_014427_px4_manual_sweep_yaw_r1,1.5967789994467216,1.5923632497183462,0.006758839731894918
5168,px4,POSCTL,20260411_014427_px4_manual_sweep_yaw_r1,1.5969338063328358,1.5924946719642494,0.008263109454121636
5169,px4,POSCTL,20260411_014427_px4_manual_sweep_yaw_r1,1.5971181025986532,1.592651243976547,0.006997022874262819
5170,px4,POSCTL,20260411_014427_px4_manual_sweep_yaw_r1,1.5973124281202657,1.592726728573944,0.009765355722490774
5171,px4,POSCTL,20260411_014427_px4_manual_sweep_yaw_r1,1.5974798970117772,1.5929724835638388,0.013880029151444878
5172,px4,POSCTL,20260411_014427_px4_manual_sweep_yaw_r1,1.5978343207333052,1.593307644492927,0.016969088248028487
5173,px4,POSCTL,20260411_014427_px4_manual_sweep_yaw_r1,1.598303197919613,1.5935536689074103,0.019378082794328164
5174,px4,POSCTL,20260411_014427_px4_manual_sweep_yaw_r1,1.5984866028098288,1.5940038391412046,0.018663026748424644
5175,px4,POSCTL,20260411_014427_px4_manual_sweep_yaw_r1,1.598677474369447,1.5944974812710764,0.019238057623438425
5176,px4,POSCTL,20260411_014427_px4_manual_sweep_yaw_r1,1.5988374959751672,1.5946673861453031,0.019967487011712748
5177,px4,POSCTL,20260411_014427_px4_manual_sweep_yaw_r1,1.5988812434145008,1.5948024387732973,0.015526380487954823
5178,px4,POSCTL,20260411_014427_px4_manual_sweep_yaw_r1,1.5989278400859412,1.594888795542889,0.011326531422177148
5179,px4,POSCTL,20260411_014427_px4_manual_sweep_yaw_r1,1.5989177477010648,1.5949536176446564,0.007825911047317443
5180,px4,POSCTL,20260411_014427_px4_manual_sweep_yaw_r1,1.5986688967905176,1.595137428951835,0.00849497727002868
5181,px4,POSCTL,20260411_014427_px4_manual_sweep_yaw_r1,1.598502051163866,1.5953391729970867,0.008263033716572032
5182,px4,POSCTL,20260411_014427_px4_manual_sweep_yaw_r1,1.5983816272530458,1.5954640714796406,0.007554638952458875
5183,px4,POSCTL,20260411_014427_px4_manual_sweep_yaw_r1,1.5980794434585648,1.5956249225760117,0.006134739022446628
5184,px4,POSCTL,20260411_014427_px4_manual_sweep_yaw_r1,1.5976399507341794,1.5958195482042525,0.007564781851666042
5185,px4,POSCTL,20260411_014427_px4_manual_sweep_yaw_r1,1.5973215398724576,1.5957619027923216,0.008885207986756223
5186,px4,POSCTL,20260411_014427_px4_manual_sweep_yaw_r1,1.597010753476637,1.5956270268340116,0.014316797549739961
5187,px4,POSCTL,20260411_014427_px4_manual_sweep_yaw_r1,1.596708507992581,1.5955523122040876,0.013266799438182967
5188,px4,POSCTL,20260411_014427_px4_manual_sweep_yaw_r1,1.596284205757723,1.595373569729421,0.00989879152483504
5189,px4,POSCTL,20260411_014427_px4_manual_sweep_yaw_r1,1.595874859290919,1.595392564784393,0.007309909069472751
5190,px4,POSCTL,20260411_014427_px4_manual_sweep_yaw_r1,1.5957977243462749,1.5953840214052557,0.008170715633093562
5191,px4,POSCTL,20260411_014427_px4_manual_sweep_yaw_r1,1.5958506517086333,1.5955797665733782,0.008746758351032365
5192,px4,POSCTL,20260411_014427_px4_manual_sweep_yaw_r1,1.5958565198413128,1.5959187556909362,0.007094090943503998
5193,px4,POSCTL,20260411_014427_px4_manual_sweep_yaw_r1,1.5959140187291558,1.5965745926955168,0.00983619991761955
5194,px4,POSCTL,20260411_014427_px4_manual_sweep_yaw_r1,1.5960356963591251,1.5970530168548036,0.01376266586054364
5195,px4,POSCTL,20260411_014427_px4_manual_sweep_yaw_r1,1.5960743499413708,1.597720346918591,0.010125121743598928
5196,px4,POSCTL,20260411_014427_px4_manual_sweep_yaw_r1,1.5960693367323113,1.598375779785193,0.013743595569718742
5197,px4,POSCTL,20260411_014427_px4_manual_sweep_yaw_r1,1.5962011921940171,1.5989128204919028,0.012693068067976767
5198,px4,POSCTL,20260411_014427_px4_manual_sweep_yaw_r1,1.5964168402806036,1.5993425539415473,0.013074951280113356
5199,px4,POSCTL,20260411_014427_px4_manual_sweep_yaw_r1,1.596579018292585,1.599950985934116,0.012409741685354362
5200,px4,POSCTL,20260411_014427_px4_manual_sweep_yaw_r1,1.59669171564969,1.6004197077128661,0.010732166154817932
5201,px4,POSCTL,20260411_014427_px4_manual_sweep_yaw_r1,1.5967217034602668,1.596434452543565,0.013094779361468927
5202,px4,POSCTL,20260411_014427_px4_manual_sweep_yaw_r1,1.5967231427938722,1.5965608048345024,0.008241297467226462
5203,px4,POSCTL,20260411_014427_px4_manual_sweep_yaw_r1,1.5966314313108507,1.596644166521711,0.005976414889571562
5204,px4,POSCTL,20260411_014427_px4_manual_sweep_yaw_r1,1.5965168829378555,1.5965924405094076,0.007717052858542587
5205,px4,POSCTL,20260411_014427_px4_manual_sweep_yaw_r1,1.5964546878776127,1.5963997173562792,0.008121665711618107
5206,px4,POSCTL,20260411_014427_px4_manual_sweep_yaw_r1,1.59647187687465,1.5962452721048992,0.010130815648970903
5207,px4,POSCTL,20260411_014427_px4_manual_sweep_yaw_r1,1.5965612587463072,1.5960688297020158,0.006506514817598801
5208,px4,POSCTL,20260411_014427_px4_manual_sweep_yaw_r1,1.596748414308961,1.596034239781581,0.021599936684089004
5209,px4,POSCTL,20260411_014427_px4_manual_sweep_yaw_r1,1.5970437947636513,1.5961420895123721,0.0235501454726895
5210,px4,POSCTL,20260411_014427_px4_manual_sweep_yaw_r1,1.5973362141278522,1.59675315453575,0.014099996405764098
5211,px4,POSCTL,20260411_014427_px4_manual_sweep_yaw_r1,1.597529768494173,1.5971699958603263,0.022925258362178378
5212,px4,POSCTL,20260411_014427_px4_manual_sweep_yaw_r1,1.5977754814453524,1.597196701604531,0.024671622703130003
5213,px4,POSCTL,20260411_014427_px4_manual_sweep_yaw_r1,1.597972648411297,1.5971722093216236,0.0174959843305215
5214,px4,POSCTL,20260411_014427_px4_manual_sweep_yaw_r1,1.598021564188562,1.5971231212253127,0.008428269980772863
5215,px4,POSCTL,20260411_014427_px4_manual_sweep_yaw_r1,1.5979637455600684,1.5972669613300017,0.008372146804249253
5216,px4,POSCTL,20260411_014427_px4_manual_sweep_yaw_r1,1.5981030767630235,1.5974150133357565,0.024699244727701578
5217,px4,POSCTL,20260411_014427_px4_manual_sweep_yaw_r1,1.5983174402876346,1.5976381013932641,0.031365137756056906
5218,px4,POSCTL,20260411_014427_px4_manual_sweep_yaw_r1,1.5982602208897458,1.5981995111837028,0.021478544221261317
5219,px4,POSCTL,20260411_014427_px4_manual_sweep_yaw_r1,1.5981228142614103,1.5986781498277487,0.016701796302055285
8718,px4,OFFBOARD_ATTITUDE,20260411_015324_px4_attitude_sweep_roll_r1,1.5623837298127048,1.5544449399898375,0.008238121081081622
8719,px4,OFFBOARD_ATTITUDE,20260411_015324_px4_attitude_sweep_roll_r1,1.5623950973576628,1.554360175705317,0.008357560320412714
8720,px4,OFFBOARD_ATTITUDE,20260411_015324_px4_attitude_sweep_roll_r1,1.562430645320747,1.5543164448278488,0.008411562944076554
8721,px4,OFFBOARD_ATTITUDE,20260411_015324_px4_attitude_sweep_roll_r1,1.562433391667355,1.554315871600868,0.00843647826370789
8722,px4,OFFBOARD_ATTITUDE,20260411_015324_px4_attitude_sweep_roll_r1,1.56244305152267,1.5543380580001076,0.008379741717880036
8723,px4,OFFBOARD_ATTITUDE,20260411_015324_px4_attitude_sweep_roll_r1,1.562478871212738,1.5543236186956237,0.008408545349400706
8724,px4,OFFBOARD_ATTITUDE,20260411_015324_px4_attitude_sweep_roll_r1,1.5625341725081414,1.5542897497609052,0.00855097186113705
8725,px4,OFFBOARD_ATTITUDE,20260411_015324_px4_attitude_sweep_roll_r1,1.5625690043234837,1.5542933770338863,0.008521135752072665
8726,px4,OFFBOARD_ATTITUDE,20260411_015324_px4_attitude_sweep_roll_r1,1.5625924734603767,1.5542711810135477,0.008648581859223013
8727,px4,OFFBOARD_ATTITUDE,20260411_015324_px4_attitude_sweep_roll_r1,1.5626639521237475,1.5542593634788278,0.008848162790594237
8728,px4,OFFBOARD_ATTITUDE,20260411_015324_px4_attitude_sweep_roll_r1,1.5628025506149916,1.5542538337558331,0.008804831202167306
8729,px4,OFFBOARD_ATTITUDE,20260411_015324_px4_attitude_sweep_roll_r1,1.5628608255313798,1.5543581072501345,0.008755326591651914
8730,px4,OFFBOARD_ATTITUDE,20260411_015324_px4_attitude_sweep_roll_r1,1.5628912222296245,1.5545187294257952,0.00873772359205166
8731,px4,OFFBOARD_ATTITUDE,20260411_015324_px4_attitude_sweep_roll_r1,1.5629010932607053,1.5545988394293675,0.008564594290939122
8732,px4,OFFBOARD_ATTITUDE,20260411_015324_px4_attitude_sweep_roll_r1,1.56288852781121,1.5546346100224504,0.008580340826922465
8733,px4,OFFBOARD_ATTITUDE,20260411_015324_px4_attitude_sweep_roll_r1,1.5628901878879933,1.5546368045304473,0.008638371004966611
8734,px4,OFFBOARD_ATTITUDE,20260411_015324_px4_attitude_sweep_roll_r1,1.5628653569633595,1.5545932772663043,0.008581523906106522
8735,px4,OFFBOARD_ATTITUDE,20260411_015324_px4_attitude_sweep_roll_r1,1.5628356528421021,1.554565217471519,0.0086215479317532
8736,px4,OFFBOARD_ATTITUDE,20260411_015324_px4_attitude_sweep_roll_r1,1.562825921859747,1.5545102083994533,0.008618911553395692
8737,px4,OFFBOARD_ATTITUDE,20260411_015324_px4_attitude_sweep_roll_r1,1.5628686274538726,1.5544370649097266,0.008750038732426276
8738,px4,OFFBOARD_ATTITUDE,20260411_015324_px4_attitude_sweep_roll_r1,1.5629336947644916,1.5543994323067811,0.008933727274169844
8739,px4,OFFBOARD_ATTITUDE,20260411_015324_px4_attitude_sweep_roll_r1,1.5629651102953477,1.5544070179640246,0.008939035990798525
8740,px4,OFFBOARD_ATTITUDE,20260411_015324_px4_attitude_sweep_roll_r1,1.5630436737007138,1.5544686116825557,0.008936700455986926
8741,px4,OFFBOARD_ATTITUDE,20260411_015324_px4_attitude_sweep_roll_r1,1.5631204179492717,1.5544876382075288,0.008964416815914247
8742,px4,OFFBOARD_ATTITUDE,20260411_015324_px4_attitude_sweep_roll_r1,1.5631580570290722,1.5545642746276116,0.008902874980370989
8743,px4,OFFBOARD_ATTITUDE,20260411_015324_px4_attitude_sweep_roll_r1,1.5631829290844297,1.5546798908456558,0.008946571786445886
8744,px4,OFFBOARD_ATTITUDE,20260411_015324_px4_attitude_sweep_roll_r1,1.5631900135600612,1.554740612455057,0.008838586480114171
8745,px4,OFFBOARD_ATTITUDE,20260411_015324_px4_attitude_sweep_roll_r1,1.563186465309045,1.554772083356912,0.008746436289617552
8746,px4,OFFBOARD_ATTITUDE,20260411_015324_px4_attitude_sweep_roll_r1,1.5631947407261368,1.5547891715993722,0.008758903650672336
8747,px4,OFFBOARD_ATTITUDE,20260411_015324_px4_attitude_sweep_roll_r1,1.5631927405735313,1.5548017276467085,0.008770632320022096
8748,px4,OFFBOARD_ATTITUDE,20260411_015324_px4_attitude_sweep_roll_r1,1.5631905686456555,1.5548282860954028,0.008749655898283923
8749,px4,OFFBOARD_ATTITUDE,20260411_015324_px4_attitude_sweep_roll_r1,1.5631561349637453,1.5548549040227462,0.008692493602459493
8750,px4,OFFBOARD_ATTITUDE,20260411_015324_px4_attitude_sweep_roll_r1,1.5631201887133976,1.5548673429144524,0.008657614384728986
8751,px4,OFFBOARD_ATTITUDE,20260411_015324_px4_attitude_sweep_roll_r1,1.563185347147748,1.5547678974668766,0.008809610802876894
8752,px4,OFFBOARD_ATTITUDE,20260411_015324_px4_attitude_sweep_roll_r1,1.5632963774487343,1.554677712188062,0.008957016486880133
8753,px4,OFFBOARD_ATTITUDE,20260411_015324_px4_attitude_sweep_roll_r1,1.563466886819898,1.5546806993115143,0.00913901041056625
8754,px4,OFFBOARD_ATTITUDE,20260411_015324_px4_attitude_sweep_roll_r1,1.563610380075616,1.554775894449091,0.009320853608785942
8755,px4,OFFBOARD_ATTITUDE,20260411_015324_px4_attitude_sweep_roll_r1,1.5637918206041734,1.5549076936860158,0.009311663096055406
8756,px4,OFFBOARD_ATTITUDE,20260411_015324_px4_attitude_sweep_roll_r1,1.5638996777720593,1.5550343140102132,0.009208589583796402
8757,px4,OFFBOARD_ATTITUDE,20260411_015324_px4_attitude_sweep_roll_r1,1.563971936583676,1.5552713112378183,0.009033775119441248
8758,px4,OFFBOARD_ATTITUDE,20260411_015324_px4_attitude_sweep_roll_r1,1.5640154700814157,1.555436869123356,0.008951095666897748
8759,px4,OFFBOARD_ATTITUDE,20260411_015324_px4_attitude_sweep_roll_r1,1.5640946681046912,1.555562508137269,0.008885952490942178
8760,px4,OFFBOARD_ATTITUDE,20260411_015324_px4_attitude_sweep_roll_r1,1.5641281882779736,1.5556473750353395,0.008865573328994928
8761,px4,OFFBOARD_ATTITUDE,20260411_015324_px4_attitude_sweep_roll_r1,1.564167293568981,1.5558458944842277,0.008805639325736022
8762,px4,OFFBOARD_ATTITUDE,20260411_015324_px4_attitude_sweep_roll_r1,1.5643059416752139,1.5559546257144683,0.008764945602606392
8763,px4,OFFBOARD_ATTITUDE,20260411_015324_px4_attitude_sweep_roll_r1,1.5644020576121402,1.5560364310001484,0.008825493068243751
8764,px4,OFFBOARD_ATTITUDE,20260411_015324_px4_attitude_sweep_roll_r1,1.5645152939008253,1.5562574704783567,0.00871067951554792
8765,px4,OFFBOARD_ATTITUDE,20260411_015324_px4_attitude_sweep_roll_r1,1.5646908684534588,1.5563820311034708,0.00868030301270056
8766,px4,OFFBOARD_ATTITUDE,20260411_015324_px4_attitude_sweep_roll_r1,1.5648423926653017,1.5564731818694344,0.008722789610554574
8767,px4,OFFBOARD_ATTITUDE,20260411_015324_px4_attitude_sweep_roll_r1,1.564938495351637,1.5566279972086134,0.008736141905484607
8768,px4,OFFBOARD_ATTITUDE,20260411_015324_px4_attitude_sweep_roll_r1,1.56508179859091,1.5567664754772972,0.0087050566602131
8769,px4,OFFBOARD_ATTITUDE,20260411_015324_px4_attitude_sweep_roll_r1,1.565239779611012,1.5568870572942597,0.008713536375476996
8770,px4,OFFBOARD_ATTITUDE,20260411_015324_px4_attitude_sweep_roll_r1,1.5653465963021655,1.557023908362682,0.008787769390970096
8771,px4,OFFBOARD_ATTITUDE,20260411_015324_px4_attitude_sweep_roll_r1,1.5654017744993363,1.5572010900547721,0.008613952743754942
8772,px4,OFFBOARD_ATTITUDE,20260411_015324_px4_attitude_sweep_roll_r1,1.5654109829343361,1.5572700225433362,0.00852257258009128
8773,px4,OFFBOARD_ATTITUDE,20260411_015324_px4_attitude_sweep_roll_r1,1.5654393309281815,1.557304279359381,0.008528031223826817
8774,px4,OFFBOARD_ATTITUDE,20260411_015324_px4_attitude_sweep_roll_r1,1.5654585115067388,1.557296147604282,0.008615347210229789
8775,px4,OFFBOARD_ATTITUDE,20260411_015324_px4_attitude_sweep_roll_r1,1.5654668951964628,1.5573517894461288,0.00859414404313525
8776,px4,OFFBOARD_ATTITUDE,20260411_015324_px4_attitude_sweep_roll_r1,1.5655974767858538,1.5574031955643863,0.008672715216011866
8777,px4,OFFBOARD_ATTITUDE,20260411_015324_px4_attitude_sweep_roll_r1,1.5657376637566198,1.5574206621317084,0.008723113859308008
8778,px4,OFFBOARD_ATTITUDE,20260411_015324_px4_attitude_sweep_roll_r1,1.5659622009321408,1.5575431226686498,0.008789535018084202
8779,px4,OFFBOARD_ATTITUDE,20260411_015324_px4_attitude_sweep_roll_r1,1.5661081396882708,1.5576739705179408,0.00882656379097409
8780,px4,OFFBOARD_ATTITUDE,20260411_015324_px4_attitude_sweep_roll_r1,1.5662679022672432,1.5578625313144583,0.008815774693511306
8781,px4,OFFBOARD_ATTITUDE,20260411_015324_px4_attitude_sweep_roll_r1,1.5664107203690902,1.5580585146861161,0.008817445245627305
8782,px4,OFFBOARD_ATTITUDE,20260411_015324_px4_attitude_sweep_roll_r1,1.5665577073613033,1.5582257474372792,0.008693164524323858
8783,px4,OFFBOARD_ATTITUDE,20260411_015324_px4_attitude_sweep_roll_r1,1.5666696302978211,1.5583573549538918,0.008669475567262629
8784,px4,OFFBOARD_ATTITUDE,20260411_015324_px4_attitude_sweep_roll_r1,1.5668168951797048,1.558483868571138,0.008872425522849961
8785,px4,OFFBOARD_ATTITUDE,20260411_015324_px4_attitude_sweep_roll_r1,1.5669142713569622,1.5585795430386178,0.008808000861494176
8786,px4,OFFBOARD_ATTITUDE,20260411_015324_px4_attitude_sweep_roll_r1,1.566965499846073,1.5586138054863041,0.00872375365793515
8787,px4,OFFBOARD_ATTITUDE,20260411_015324_px4_attitude_sweep_roll_r1,1.566924065744213,1.5586422053836166,0.008670788244380298
8788,px4,OFFBOARD_ATTITUDE,20260411_015324_px4_attitude_sweep_roll_r1,1.5668889658072478,1.5586172593952834,0.008687939696456159
8789,px4,OFFBOARD_ATTITUDE,20260411_015324_px4_attitude_sweep_roll_r1,1.5668238675410695,1.5585087879339248,0.008774574029440794
8790,px4,OFFBOARD_ATTITUDE,20260411_015324_px4_attitude_sweep_roll_r1,1.5667426815100995,1.558429020035249,0.008746394287983704
8791,px4,OFFBOARD_ATTITUDE,20260411_015324_px4_attitude_sweep_roll_r1,1.5666555455137237,1.558354903028735,0.008697565244821168
8792,px4,OFFBOARD_ATTITUDE,20260411_015324_px4_attitude_sweep_roll_r1,1.5666193139364595,1.5582833011773505,0.008715337444411912
8793,px4,OFFBOARD_ATTITUDE,20260411_015324_px4_attitude_sweep_roll_r1,1.5666473264038905,1.558195798413913,0.008915083908059266
8794,px4,OFFBOARD_ATTITUDE,20260411_015324_px4_attitude_sweep_roll_r1,1.5666820318033823,1.5581554776053668,0.008924942430213545
8795,px4,OFFBOARD_ATTITUDE,20260411_015324_px4_attitude_sweep_roll_r1,1.5667353611721524,1.558171579783276,0.008970298968628762
8796,px4,OFFBOARD_ATTITUDE,20260411_015324_px4_attitude_sweep_roll_r1,1.5667767458823596,1.558196299805889,0.009068918458839397
8797,px4,OFFBOARD_ATTITUDE,20260411_015324_px4_attitude_sweep_roll_r1,1.5666681921510393,1.558277286841175,0.009233216884422035
8798,px4,OFFBOARD_ATTITUDE,20260411_015324_px4_attitude_sweep_roll_r1,1.5664816267304882,1.5584103097460988,0.009594202428867799
8799,px4,OFFBOARD_ATTITUDE,20260411_015324_px4_attitude_sweep_roll_r1,1.56619292032838,1.5586233847084914,0.009312607514721532
8800,px4,OFFBOARD_ATTITUDE,20260411_015324_px4_attitude_sweep_roll_r1,1.565933269122602,1.5593328305940681,0.00815389231350856
8801,px4,OFFBOARD_ATTITUDE,20260411_015324_px4_attitude_sweep_roll_r1,1.565536707237401,1.5598637747853887,0.006762611193793955
8802,px4,OFFBOARD_ATTITUDE,20260411_015324_px4_attitude_sweep_roll_r1,1.5650771259918739,1.5610913232902042,0.005074412570819309
8803,px4,OFFBOARD_ATTITUDE,20260411_015324_px4_attitude_sweep_roll_r1,1.564659332564276,1.5619205262176679,0.003996395095442665
8804,px4,OFFBOARD_ATTITUDE,20260411_015324_px4_attitude_sweep_roll_r1,1.5643356828554917,1.5628137352375269,0.0033002441674294027
8805,px4,OFFBOARD_ATTITUDE,20260411_015324_px4_attitude_sweep_roll_r1,1.5637639857678423,1.563098481766581,0.0034774570276725797
8806,px4,OFFBOARD_ATTITUDE,20260411_015324_px4_attitude_sweep_roll_r1,1.5629361748021229,1.563344164854629,0.003928574606661952
8807,px4,OFFBOARD_ATTITUDE,20260411_015324_px4_attitude_sweep_roll_r1,1.562447584446713,1.5634619480985583,0.004058661525491509
8808,px4,OFFBOARD_ATTITUDE,20260411_015324_px4_attitude_sweep_roll_r1,1.562112705873983,1.5634056281037207,0.004055795295161251
8809,px4,OFFBOARD_ATTITUDE,20260411_015324_px4_attitude_sweep_roll_r1,1.5616452698618923,1.5631944147191856,0.004343521074489469
8810,px4,OFFBOARD_ATTITUDE,20260411_015324_px4_attitude_sweep_roll_r1,1.5611700491554115,1.562999262806654,0.004837068827034994
8811,px4,OFFBOARD_ATTITUDE,20260411_015324_px4_attitude_sweep_roll_r1,1.560599663747353,1.5627494382276392,0.005130416141576152
8812,px4,OFFBOARD_ATTITUDE,20260411_015324_px4_attitude_sweep_roll_r1,1.5603031302408552,1.5624996772985253,0.004744590826821302
8813,px4,OFFBOARD_ATTITUDE,20260411_015324_px4_attitude_sweep_roll_r1,1.5600110352998975,1.5621680947456893,0.00450819156216895
8814,px4,OFFBOARD_ATTITUDE,20260411_015324_px4_attitude_sweep_roll_r1,1.5597761303961386,1.5618923588886402,0.004527182807614694
8815,px4,OFFBOARD_ATTITUDE,20260411_015324_px4_attitude_sweep_roll_r1,1.5596705173029815,1.5616751118214693,0.004383614603197077
8816,px4,OFFBOARD_ATTITUDE,20260411_015324_px4_attitude_sweep_roll_r1,1.5595545884550146,1.561474001898499,0.003975070182560372
8817,px4,OFFBOARD_ATTITUDE,20260411_015324_px4_attitude_sweep_roll_r1,1.5595503306788185,1.5613673733449933,0.004676439386083961
8818,px4,OFFBOARD_ATTITUDE,20260411_015324_px4_attitude_sweep_roll_r1,1.5595296909929384,1.5612487763072709,0.0045829466373811575
8819,px4,OFFBOARD_ATTITUDE,20260411_015324_px4_attitude_sweep_roll_r1,1.5595344767904402,1.5612406295008379,0.0038833823549611034
8820,px4,OFFBOARD_ATTITUDE,20260411_015324_px4_attitude_sweep_roll_r1,1.5595494470047357,1.5612141804140225,0.00423803307492193
8821,px4,OFFBOARD_ATTITUDE,20260411_015324_px4_attitude_sweep_roll_r1,1.5595144043682119,1.5612164084535456,0.004184452222528866
8822,px4,OFFBOARD_ATTITUDE,20260411_015324_px4_attitude_sweep_roll_r1,1.5594706837422956,1.5612272235037403,0.004441802376621254
8823,px4,OFFBOARD_ATTITUDE,20260411_015324_px4_attitude_sweep_roll_r1,1.5594317800662787,1.5611567933674146,0.004126061818374401
8824,px4,OFFBOARD_ATTITUDE,20260411_015324_px4_attitude_sweep_roll_r1,1.5593541345948625,1.5609449829359083,0.003613315118638565
8825,px4,OFFBOARD_ATTITUDE,20260411_015324_px4_attitude_sweep_roll_r1,1.5593127867116727,1.5607668089370152,0.0037950585115505463
8826,px4,OFFBOARD_ATTITUDE,20260411_015324_px4_attitude_sweep_roll_r1,1.5593227826966918,1.5605398679218614,0.0037118094056309255
8827,px4,OFFBOARD_ATTITUDE,20260411_015324_px4_attitude_sweep_roll_r1,1.5595623738226374,1.5603342557127595,0.0033430655686835084
8828,px4,OFFBOARD_ATTITUDE,20260411_015324_px4_attitude_sweep_roll_r1,1.5598809182595093,1.5601959509609065,0.003456701101643182
8829,px4,OFFBOARD_ATTITUDE,20260411_015324_px4_attitude_sweep_roll_r1,1.5601719895264943,1.5601454320538868,0.00369823358036291
8830,px4,OFFBOARD_ATTITUDE,20260411_015324_px4_attitude_sweep_roll_r1,1.5605486996956237,1.5602304215755654,0.0035493137100861194
8831,px4,OFFBOARD_ATTITUDE,20260411_015324_px4_attitude_sweep_roll_r1,1.5606543393183034,1.5602943915096723,0.003256657562726268
8832,px4,OFFBOARD_ATTITUDE,20260411_015324_px4_attitude_sweep_roll_r1,1.560822449904831,1.5603041946913938,0.003946721508826171
8833,px4,OFFBOARD_ATTITUDE,20260411_015324_px4_attitude_sweep_roll_r1,1.5609132786961242,1.560118536318546,0.0043168152550642136
8834,px4,OFFBOARD_ATTITUDE,20260411_015324_px4_attitude_sweep_roll_r1,1.5609379820796045,1.5596374290508912,0.004355415316594392
8835,px4,OFFBOARD_ATTITUDE,20260411_015324_px4_attitude_sweep_roll_r1,1.5609395804254713,1.559337589046379,0.004208656204635615
8836,px4,OFFBOARD_ATTITUDE,20260411_015324_px4_attitude_sweep_roll_r1,1.5609221374822617,1.5587729818373306,0.0039006733381747377
8837,px4,OFFBOARD_ATTITUDE,20260411_015324_px4_attitude_sweep_roll_r1,1.5609135005592871,1.5584021472014347,0.003807551812769809
8838,px4,OFFBOARD_ATTITUDE,20260411_015324_px4_attitude_sweep_roll_r1,1.56090891000975,1.5579694261073684,0.004101775318343085
8839,px4,OFFBOARD_ATTITUDE,20260411_015324_px4_attitude_sweep_roll_r1,1.5609245187327916,1.5577339965319261,0.004118210900586889
8840,px4,OFFBOARD_ATTITUDE,20260411_015324_px4_attitude_sweep_roll_r1,1.5609713866893897,1.5574896013558008,0.004410941078356914
8841,px4,OFFBOARD_ATTITUDE,20260411_015324_px4_attitude_sweep_roll_r1,1.5609875837867575,1.5572612841292257,0.004627973204902839
8842,px4,OFFBOARD_ATTITUDE,20260411_015324_px4_attitude_sweep_roll_r1,1.5610186661879373,1.5571293577671779,0.004995904434857062
8843,px4,OFFBOARD_ATTITUDE,20260411_015324_px4_attitude_sweep_roll_r1,1.5610435368557336,1.556984638053502,0.005129497824767921
8844,px4,OFFBOARD_ATTITUDE,20260411_015324_px4_attitude_sweep_roll_r1,1.5611035853756317,1.5568095370004054,0.005421526440999141
8845,px4,OFFBOARD_ATTITUDE,20260411_015324_px4_attitude_sweep_roll_r1,1.561238280357656,1.556630680289582,0.006324415362294832
8846,px4,OFFBOARD_ATTITUDE,20260411_015324_px4_attitude_sweep_roll_r1,1.56133344690115,1.5564998633817873,0.0063455829702176525
8847,px4,OFFBOARD_ATTITUDE,20260411_015324_px4_attitude_sweep_roll_r1,1.5615053940423302,1.5563886175348862,0.006358280375453498
8848,px4,OFFBOARD_ATTITUDE,20260411_015324_px4_attitude_sweep_roll_r1,1.5616141059547262,1.5562991992679958,0.0064398454907001555
8849,px4,OFFBOARD_ATTITUDE,20260411_015324_px4_attitude_sweep_roll_r1,1.5616619534038434,1.556281778839906,0.006662547192513283
8850,px4,OFFBOARD_ATTITUDE,20260411_015324_px4_attitude_sweep_roll_r1,1.561666252670992,1.5563034925008812,0.006219719656472012
8851,px4,OFFBOARD_ATTITUDE,20260411_015324_px4_attitude_sweep_roll_r1,1.5616033319994496,1.5563216052764532,0.006186141209663498
8852,px4,OFFBOARD_ATTITUDE,20260411_015324_px4_attitude_sweep_roll_r1,1.561546729155893,1.5563125694301114,0.006413848243227249
8853,px4,OFFBOARD_ATTITUDE,20260411_015324_px4_attitude_sweep_roll_r1,1.5615141336107787,1.556370024667616,0.006304259764011297
8854,px4,OFFBOARD_ATTITUDE,20260411_015324_px4_attitude_sweep_roll_r1,1.56144780746064,1.5564179842862536,0.006110146475206008
8855,px4,OFFBOARD_ATTITUDE,20260411_015324_px4_attitude_sweep_roll_r1,1.5615146619114393,1.5565246700289972,0.005965201716954365
8856,px4,OFFBOARD_ATTITUDE,20260411_015324_px4_attitude_sweep_roll_r1,1.561655775908119,1.5565932256070225,0.006214602458170671
8857,px4,OFFBOARD_ATTITUDE,20260411_015324_px4_attitude_sweep_roll_r1,1.5617942133598266,1.5567757013475032,0.006289565967693039
8858,px4,OFFBOARD_ATTITUDE,20260411_015324_px4_attitude_sweep_roll_r1,1.5620586705264357,1.5570333343360414,0.0060775572441375434
8859,px4,OFFBOARD_ATTITUDE,20260411_015324_px4_attitude_sweep_roll_r1,1.5623418331777155,1.5572588751352134,0.006352329355138559
8860,px4,OFFBOARD_ATTITUDE,20260411_015324_px4_attitude_sweep_roll_r1,1.5627474731454245,1.5575767930289162,0.006663796974842237
8861,px4,OFFBOARD_ATTITUDE,20260411_015324_px4_attitude_sweep_roll_r1,1.5629417011358608,1.5579352351357991,0.0064165252504929295
8862,px4,OFFBOARD_ATTITUDE,20260411_015324_px4_attitude_sweep_roll_r1,1.5633522728980893,1.5583972271516273,0.00661221728658963
8863,px4,OFFBOARD_ATTITUDE,20260411_015324_px4_attitude_sweep_roll_r1,1.5635243323408257,1.5586649935010608,0.0067804974649115606
8864,px4,OFFBOARD_ATTITUDE,20260411_015324_px4_attitude_sweep_roll_r1,1.5636587886163469,1.5591827754124328,0.0063260849941092585
8865,px4,OFFBOARD_ATTITUDE,20260411_015324_px4_attitude_sweep_roll_r1,1.5638521499021283,1.5594076979968479,0.0062692802212836836
8866,px4,OFFBOARD_ATTITUDE,20260411_015324_px4_attitude_sweep_roll_r1,1.5638497609387911,1.5595711253679112,0.006078833396438165
8867,px4,OFFBOARD_ATTITUDE,20260411_015324_px4_attitude_sweep_roll_r1,1.5638015518029,1.55979334325802,0.005634260656162449
8868,px4,OFFBOARD_ATTITUDE,20260411_015324_px4_attitude_sweep_roll_r1,1.5636383106152218,1.5596740656341757,0.005303928646448863
8869,px4,OFFBOARD_ATTITUDE,20260411_015324_px4_attitude_sweep_roll_r1,1.5633911141571464,1.5595148047015,0.005323032879285462
8870,px4,OFFBOARD_ATTITUDE,20260411_015324_px4_attitude_sweep_roll_r1,1.5631216306462872,1.5591286468568468,0.0055033811582758585
8871,px4,OFFBOARD_ATTITUDE,20260411_015324_px4_attitude_sweep_roll_r1,1.562928336839672,1.558689380888065,0.005819504733991953
8872,px4,OFFBOARD_ATTITUDE,20260411_015324_px4_attitude_sweep_roll_r1,1.5626816411030218,1.5582191930509537,0.006289678449800125
8873,px4,OFFBOARD_ATTITUDE,20260411_015324_px4_attitude_sweep_roll_r1,1.5625492231042326,1.5578792745901113,0.006535623276996819
8874,px4,OFFBOARD_ATTITUDE,20260411_015324_px4_attitude_sweep_roll_r1,1.5624580668348558,1.557549364294716,0.0065970767725564835
8875,px4,OFFBOARD_ATTITUDE,20260411_015324_px4_attitude_sweep_roll_r1,1.5622776227124482,1.5573300515633457,0.006847170648227863
8876,px4,OFFBOARD_ATTITUDE,20260411_015324_px4_attitude_sweep_roll_r1,1.5620705047125956,1.5572508853346412,0.006751515816196142
8877,px4,OFFBOARD_ATTITUDE,20260411_015324_px4_attitude_sweep_roll_r1,1.5619530703732367,1.5570718323481165,0.006484051821830915
8878,px4,OFFBOARD_ATTITUDE,20260411_015324_px4_attitude_sweep_roll_r1,1.5617829688083031,1.556855442973571,0.006275338249352868
8879,px4,OFFBOARD_ATTITUDE,20260411_015324_px4_attitude_sweep_roll_r1,1.5615967323885453,1.5567189811028883,0.006040753561457773
8880,px4,OFFBOARD_ATTITUDE,20260411_015324_px4_attitude_sweep_roll_r1,1.5613371588621885,1.5565820410389264,0.005987527823861269
8881,px4,OFFBOARD_ATTITUDE,20260411_015324_px4_attitude_sweep_roll_r1,1.5611303911747751,1.5564509620011864,0.00568595592852274
8882,px4,OFFBOARD_ATTITUDE,20260411_015324_px4_attitude_sweep_roll_r1,1.5610370014194261,1.556279072140813,0.005832052605388059
8883,px4,OFFBOARD_ATTITUDE,20260411_015324_px4_attitude_sweep_roll_r1,1.5610280574980664,1.5561163949798944,0.005991264398400583
8884,px4,OFFBOARD_ATTITUDE,20260411_015324_px4_attitude_sweep_roll_r1,1.5610567698604159,1.5560439736901452,0.006040983134819442
8885,px4,OFFBOARD_ATTITUDE,20260411_015324_px4_attitude_sweep_roll_r1,1.5610668563534154,1.5560458112388496,0.0058884824936108904
8886,px4,OFFBOARD_ATTITUDE,20260411_015324_px4_attitude_sweep_roll_r1,1.5611266355579798,1.5559649321105269,0.006113032051631228
8887,px4,OFFBOARD_ATTITUDE,20260411_015324_px4_attitude_sweep_roll_r1,1.5612035151159958,1.5559147563959257,0.006609152699068222
8888,px4,OFFBOARD_ATTITUDE,20260411_015324_px4_attitude_sweep_roll_r1,1.5613494566263817,1.5558451114660212,0.006796155650261202
8889,px4,OFFBOARD_ATTITUDE,20260411_015324_px4_attitude_sweep_roll_r1,1.5614224756396162,1.5557569913121512,0.006625961396425097
8890,px4,OFFBOARD_ATTITUDE,20260411_015324_px4_attitude_sweep_roll_r1,1.5616490533201264,1.5556578237594585,0.006829360831961416
8891,px4,OFFBOARD_ATTITUDE,20260411_015324_px4_attitude_sweep_roll_r1,1.5619905562481016,1.5555361794648797,0.007142954586243572
8892,px4,OFFBOARD_ATTITUDE,20260411_015324_px4_attitude_sweep_roll_r1,1.5621932566282455,1.5555424550628016,0.007183337341077142
8893,px4,OFFBOARD_ATTITUDE,20260411_015324_px4_attitude_sweep_roll_r1,1.5624678290101701,1.5556318026735363,0.007358391940229636
8894,px4,OFFBOARD_ATTITUDE,20260411_015324_px4_attitude_sweep_roll_r1,1.5627542698919121,1.5557140287580742,0.007493211598369912
8895,px4,OFFBOARD_ATTITUDE,20260411_015324_px4_attitude_sweep_roll_r1,1.5631578887189848,1.5557269525540829,0.007878773573961865
8896,px4,OFFBOARD_ATTITUDE,20260411_015324_px4_attitude_sweep_roll_r1,1.5635395595622326,1.555771534269004,0.008324905555415443
8897,px4,OFFBOARD_ATTITUDE,20260411_015324_px4_attitude_sweep_roll_r1,1.5638459038928763,1.5558911824299644,0.008491842501655373
8898,px4,OFFBOARD_ATTITUDE,20260411_015324_px4_attitude_sweep_roll_r1,1.564251954836969,1.5561204615965358,0.008871399135606433
8899,px4,OFFBOARD_ATTITUDE,20260411_015324_px4_attitude_sweep_roll_r1,1.5643900172254839,1.5562709370972192,0.008864185456369952
8900,px4,OFFBOARD_ATTITUDE,20260411_015324_px4_attitude_sweep_roll_r1,1.5645734641888922,1.556367127117238,0.008793874841593856
8901,px4,OFFBOARD_ATTITUDE,20260411_015324_px4_attitude_sweep_roll_r1,1.5646641106648065,1.5563802991098383,0.00886442181936626
8902,px4,OFFBOARD_ATTITUDE,20260411_015324_px4_attitude_sweep_roll_r1,1.5647595938079153,1.5563563557459057,0.009040576091349126
8903,px4,OFFBOARD_ATTITUDE,20260411_015324_px4_attitude_sweep_roll_r1,1.5647534760185027,1.556313503582611,0.009076014788698324
8904,px4,OFFBOARD_ATTITUDE,20260411_015324_px4_attitude_sweep_roll_r1,1.5646637397555159,1.5563265386742682,0.008811142392004888
8905,px4,OFFBOARD_ATTITUDE,20260411_015324_px4_attitude_sweep_roll_r1,1.5645848056225358,1.5563060703265443,0.008762495456691066
8906,px4,OFFBOARD_ATTITUDE,20260411_015324_px4_attitude_sweep_roll_r1,1.5645455304880407,1.5561747740221685,0.008941382943765296
8907,px4,OFFBOARD_ATTITUDE,20260411_015324_px4_attitude_sweep_roll_r1,1.5645434711911546,1.5560240397836034,0.009188205717223587
8908,px4,OFFBOARD_ATTITUDE,20260411_015324_px4_attitude_sweep_roll_r1,1.564546199165285,1.555918891455434,0.00931684977749251
8909,px4,OFFBOARD_ATTITUDE,20260411_015324_px4_attitude_sweep_roll_r1,1.564471664553035,1.5558386576255883,0.009447145553336261
8910,px4,OFFBOARD_ATTITUDE,20260411_015324_px4_attitude_sweep_roll_r1,1.5643503950979154,1.5557131700292508,0.009552836571038276
8911,px4,OFFBOARD_ATTITUDE,20260411_015324_px4_attitude_sweep_roll_r1,1.5642176384719484,1.5554341221158616,0.009502515029978158
8912,px4,OFFBOARD_ATTITUDE,20260411_015324_px4_attitude_sweep_roll_r1,1.564056354874245,1.5550798391002258,0.009537308584414733
8913,px4,OFFBOARD_ATTITUDE,20260411_015324_px4_attitude_sweep_roll_r1,1.5638782443966799,1.5546695828813883,0.009809164124850767
8914,px4,OFFBOARD_ATTITUDE,20260411_015324_px4_attitude_sweep_roll_r1,1.563688557661431,1.554316870299601,0.009881737384609679
8915,px4,OFFBOARD_ATTITUDE,20260411_015324_px4_attitude_sweep_roll_r1,1.5634989309174168,1.5539883172087297,0.009931476260510295
8916,px4,OFFBOARD_ATTITUDE,20260411_015324_px4_attitude_sweep_roll_r1,1.5633936803183826,1.5537204724211153,0.010049622124077217
8917,px4,OFFBOARD_ATTITUDE,20260411_015324_px4_attitude_sweep_roll_r1,1.5632781655667172,1.5534983763180525,0.010015497565018542
8918,px4,OFFBOARD_ATTITUDE,20260411_015324_px4_attitude_sweep_roll_r1,1.5631962317782655,1.553392184727463,0.010062453953420295
8919,px4,OFFBOARD_ATTITUDE,20260411_015324_px4_attitude_sweep_roll_r1,1.5631774349958998,1.5533110114767026,0.010179952342936584
8920,px4,OFFBOARD_ATTITUDE,20260411_015324_px4_attitude_sweep_roll_r1,1.5632136543347002,1.5532698482135419,0.010161417046563646
8921,px4,OFFBOARD_ATTITUDE,20260411_015324_px4_attitude_sweep_roll_r1,1.5630896337921398,1.5532740145063788,0.010064329221518516
8922,px4,OFFBOARD_ATTITUDE,20260411_015324_px4_attitude_sweep_roll_r1,1.5627812332818287,1.553315017603184,0.009885651306309879
8923,px4,OFFBOARD_ATTITUDE,20260411_015324_px4_attitude_sweep_roll_r1,1.562562991871184,1.5531601485603326,0.009802601878392282
8924,px4,OFFBOARD_ATTITUDE,20260411_015324_px4_attitude_sweep_roll_r1,1.5623568032247928,1.5527642018056769,0.009958399369671415
8925,px4,OFFBOARD_ATTITUDE,20260411_015324_px4_attitude_sweep_roll_r1,1.5622077537536154,1.552440201310919,0.010167270028433772
8926,px4,OFFBOARD_ATTITUDE,20260411_015324_px4_attitude_sweep_roll_r1,1.5620348796752486,1.5522204124760572,0.010127265981039647
8927,px4,OFFBOARD_ATTITUDE,20260411_015324_px4_attitude_sweep_roll_r1,1.561839552856581,1.552083396202938,0.010094541571754347
8928,px4,OFFBOARD_ATTITUDE,20260411_015324_px4_attitude_sweep_roll_r1,1.5616744546800487,1.551970445628887,0.010089780402281331
8929,px4,OFFBOARD_ATTITUDE,20260411_015324_px4_attitude_sweep_roll_r1,1.561531563955397,1.551781454351049,0.01002812103498518
8930,px4,OFFBOARD_ATTITUDE,20260411_015324_px4_attitude_sweep_roll_r1,1.5615004684341272,1.5517171427091978,0.010107932163230169
8931,px4,OFFBOARD_ATTITUDE,20260411_015324_px4_attitude_sweep_roll_r1,1.561518002645459,1.5516389900626197,0.01027983931103336
8932,px4,OFFBOARD_ATTITUDE,20260411_015324_px4_attitude_sweep_roll_r1,1.5616156910619687,1.5516413362259993,0.010277226040081647
8933,px4,OFFBOARD_ATTITUDE,20260411_015324_px4_attitude_sweep_roll_r1,1.5618271156120331,1.5516655344770653,0.010458984323233285
8934,px4,OFFBOARD_ATTITUDE,20260411_015324_px4_attitude_sweep_roll_r1,1.5620038317337326,1.5517866578584152,0.010569343232777398
8935,px4,OFFBOARD_ATTITUDE,20260411_015324_px4_attitude_sweep_roll_r1,1.562211315366756,1.5520219193065932,0.010555264479756347
8936,px4,OFFBOARD_ATTITUDE,20260411_015324_px4_attitude_sweep_roll_r1,1.562435708505309,1.5522261334354905,0.010568423439845221
8937,px4,OFFBOARD_ATTITUDE,20260411_015324_px4_attitude_sweep_roll_r1,1.5625450447343392,1.5524450594275105,0.010487926441504857
8938,px4,OFFBOARD_ATTITUDE,20260411_015324_px4_attitude_sweep_roll_r1,1.5626332446304503,1.552684528934251,0.010434706698429701
8939,px4,OFFBOARD_ATTITUDE,20260411_015324_px4_attitude_sweep_roll_r1,1.5626923879553074,1.552814609612468,0.01036548416714628
8940,px4,OFFBOARD_ATTITUDE,20260411_015324_px4_attitude_sweep_roll_r1,1.562746016410176,1.5529679058352919,0.01022495659051128
8941,px4,OFFBOARD_ATTITUDE,20260411_015324_px4_attitude_sweep_roll_r1,1.5626830988181497,1.5530802290144294,0.010135315602753235
8942,px4,OFFBOARD_ATTITUDE,20260411_015324_px4_attitude_sweep_roll_r1,1.562455180978138,1.5531938889153696,0.009890956645783308
8943,px4,OFFBOARD_ATTITUDE,20260411_015324_px4_attitude_sweep_roll_r1,1.5621934608422798,1.5531689308077943,0.009718432502786657
8944,px4,OFFBOARD_ATTITUDE,20260411_015324_px4_attitude_sweep_roll_r1,1.5618837161391421,1.5529599705965367,0.009538262196155662
8945,px4,OFFBOARD_ATTITUDE,20260411_015324_px4_attitude_sweep_roll_r1,1.5617305289746028,1.5527251684463543,0.00972550160592166
8946,px4,OFFBOARD_ATTITUDE,20260411_015324_px4_attitude_sweep_roll_r1,1.5616238036442789,1.5524627714981378,0.009901868810925453
8947,px4,OFFBOARD_ATTITUDE,20260411_015324_px4_attitude_sweep_roll_r1,1.561568336034489,1.552347383456496,0.00986971093364663
8948,px4,OFFBOARD_ATTITUDE,20260411_015324_px4_attitude_sweep_roll_r1,1.5615402640793532,1.5523467020865993,0.009880001510394663
8949,px4,OFFBOARD_ATTITUDE,20260411_015324_px4_attitude_sweep_roll_r1,1.561542314454175,1.5523346343828777,0.009861498097357445
8950,px4,OFFBOARD_ATTITUDE,20260411_015324_px4_attitude_sweep_roll_r1,1.5615165688902128,1.5523412616384733,0.00982945080483672
8951,px4,OFFBOARD_ATTITUDE,20260411_015324_px4_attitude_sweep_roll_r1,1.5614845051929351,1.5524326192649212,0.009731881485433656
8952,px4,OFFBOARD_ATTITUDE,20260411_015324_px4_attitude_sweep_roll_r1,1.5614895496436643,1.552460511590622,0.009733083165093954
8953,px4,OFFBOARD_ATTITUDE,20260411_015324_px4_attitude_sweep_roll_r1,1.5627470333936402,1.5524894600581325,0.06219414544557118
8954,px4,OFFBOARD_ATTITUDE,20260411_015324_px4_attitude_sweep_roll_r1,1.562637278279998,1.5525462094680151,0.05858969472515932
8955,px4,OFFBOARD_ATTITUDE,20260411_015324_px4_attitude_sweep_roll_r1,1.562316561624243,1.5532270640234278,0.05409728243378003
8956,px4,OFFBOARD_ATTITUDE,20260411_015324_px4_attitude_sweep_roll_r1,1.5619190854286173,1.553565569998766,0.059729113715287295
8957,px4,OFFBOARD_ATTITUDE,20260411_015324_px4_attitude_sweep_roll_r1,1.562087455735636,1.5536381161246098,0.05965392707362407
8958,px4,OFFBOARD_ATTITUDE,20260411_015324_px4_attitude_sweep_roll_r1,1.5620986435743842,1.5534295531882023,0.0445993476205601
8959,px4,OFFBOARD_ATTITUDE,20260411_015324_px4_attitude_sweep_roll_r1,1.560476332143974,1.5531225222177747,0.028559176352961672
8960,px4,OFFBOARD_ATTITUDE,20260411_015324_px4_attitude_sweep_roll_r1,1.557624334415903,1.5531821634411394,0.024116202370223168
8961,px4,OFFBOARD_ATTITUDE,20260411_015324_px4_attitude_sweep_roll_r1,1.5517841858360593,1.5516992353805719,0.02650938677497555
8962,px4,OFFBOARD_ATTITUDE,20260411_015324_px4_attitude_sweep_roll_r1,1.5476224382765236,1.5486371070370175,0.028631496552464865
8963,px4,OFFBOARD_ATTITUDE,20260411_015324_px4_attitude_sweep_roll_r1,1.5382329772261971,1.5429106009241829,0.02903628062001771
8964,px4,OFFBOARD_ATTITUDE,20260411_015324_px4_attitude_sweep_roll_r1,1.5301764152915185,1.5390580125497222,0.030259043212201645
8965,px4,OFFBOARD_ATTITUDE,20260411_015324_px4_attitude_sweep_roll_r1,1.5197047133182846,1.5292015622094837,0.0285984522625994
8966,px4,OFFBOARD_ATTITUDE,20260411_015324_px4_attitude_sweep_roll_r1,1.508206206918998,1.5215777213860529,0.027753808102702927
8967,px4,OFFBOARD_ATTITUDE,20260411_015324_px4_attitude_sweep_roll_r1,1.4907483904622585,1.510704963129409,0.03235469883006891
8968,px4,OFFBOARD_ATTITUDE,20260411_015324_px4_attitude_sweep_roll_r1,1.457588831404858,1.5020969335291123,0.049671847217775365
8969,px4,OFFBOARD_ATTITUDE,20260411_015324_px4_attitude_sweep_roll_r1,1.411369364862296,1.4801890697628965,0.0717888027382927
8970,px4,OFFBOARD_ATTITUDE,20260411_015324_px4_attitude_sweep_roll_r1,1.362786530174398,1.4442620413254839,0.0834391265085428
8971,px4,OFFBOARD_ATTITUDE,20260411_015324_px4_attitude_sweep_roll_r1,1.305517637731607,1.41131960273962,0.10734603756961357
8972,px4,OFFBOARD_ATTITUDE,20260411_015324_px4_attitude_sweep_roll_r1,1.2329656065364591,1.343658515849288,0.11225032724118267
8973,px4,OFFBOARD_ATTITUDE,20260411_015324_px4_attitude_sweep_roll_r1,1.151621485544989,1.2838396355034927,0.13326067927899296
8974,px4,OFFBOARD_ATTITUDE,20260411_015324_px4_attitude_sweep_roll_r1,1.0553707536414982,1.2046073413052332,0.15050207584674774
8975,px4,OFFBOARD_ATTITUDE,20260411_015324_px4_attitude_sweep_roll_r1,1.0043743027971495,1.1262728438426233,0.12278411727515767
8976,px4,OFFBOARD_ATTITUDE,20260411_015324_px4_attitude_sweep_roll_r1,0.8708916573973572,1.0299598821512792,0.1594340478793398
8977,px4,OFFBOARD_ATTITUDE,20260411_015324_px4_attitude_sweep_roll_r1,0.7605420693132433,0.9792547685505835,0.21916841734419212
8978,px4,OFFBOARD_ATTITUDE,20260411_015324_px4_attitude_sweep_roll_r1,0.6676885508927808,0.8525495529066834,0.18542216024760033
8979,px4,OFFBOARD_ATTITUDE,20260411_015324_px4_attitude_sweep_roll_r1,0.6040215984217638,0.7431903508418731,0.14003858666831234
8980,px4,OFFBOARD_ATTITUDE,20260411_015324_px4_attitude_sweep_roll_r1,0.482109638829688,0.6509963493599314,0.1703405098282412
8981,px4,OFFBOARD_ATTITUDE,20260411_015324_px4_attitude_sweep_roll_r1,0.42496283518580785,0.581959457743709,0.15904537150443837
8982,px4,OFFBOARD_ATTITUDE,20260411_015324_px4_attitude_sweep_roll_r1,0.3324129169096265,0.4613659429084158,0.132331770339122
8983,px4,OFFBOARD_ATTITUDE,20260411_015324_px4_attitude_sweep_roll_r1,0.2687820384425044,0.41006281171046055,0.14643180248151583
8984,px4,OFFBOARD_ATTITUDE,20260411_015324_px4_attitude_sweep_roll_r1,0.20398870203974132,0.3184409896448319,0.1226140287097876
8985,px4,OFFBOARD_ATTITUDE,20260411_015324_px4_attitude_sweep_roll_r1,0.11996997315271897,0.25175957360236106,0.1461186729498901
8986,px4,OFFBOARD_ATTITUDE,20260411_015324_px4_attitude_sweep_roll_r1,0.0752962675471494,0.19703836729322763,0.1464711768628714
8987,px4,OFFBOARD_ATTITUDE,20260411_015324_px4_attitude_sweep_roll_r1,0.05909784696364239,0.10973634723985841,0.08943186395964559
8988,px4,OFFBOARD_ATTITUDE,20260411_015324_px4_attitude_sweep_roll_r1,0.06649415063667362,0.06968583856425169,0.07200604221945574
8989,px4,OFFBOARD_ATTITUDE,20260411_015324_px4_attitude_sweep_roll_r1,0.08947905428753399,0.06146770774023829,0.06885266379320712
8990,px4,OFFBOARD_ATTITUDE,20260411_015324_px4_attitude_sweep_roll_r1,0.11135138826196575,0.07330094755607997,0.05552842377670078
8991,px4,OFFBOARD_ATTITUDE,20260411_015324_px4_attitude_sweep_roll_r1,0.13048204144046313,0.09571363539451525,0.044006139447228546
8992,px4,OFFBOARD_ATTITUDE,20260411_015324_px4_attitude_sweep_roll_r1,0.15228585572199807,0.11685940112555387,0.040451446321794544
8993,px4,OFFBOARD_ATTITUDE,20260411_015324_px4_attitude_sweep_roll_r1,0.17007899356517542,0.13659298289593425,0.03684967935296114
8994,px4,OFFBOARD_ATTITUDE,20260411_015324_px4_attitude_sweep_roll_r1,0.1842587393742628,0.15635234268701917,0.03067323459455272
8995,px4,OFFBOARD_ATTITUDE,20260411_015324_px4_attitude_sweep_roll_r1,0.1911802529167258,0.173068953804829,0.021959058559551756
8996,px4,OFFBOARD_ATTITUDE,20260411_015324_px4_attitude_sweep_roll_r1,0.1950059996609426,0.18660634930175535,0.01874447936826466
8997,px4,OFFBOARD_ATTITUDE,20260411_015324_px4_attitude_sweep_roll_r1,0.19460143334815092,0.19237665019649258,0.018896811136747262
8998,px4,OFFBOARD_ATTITUDE,20260411_015324_px4_attitude_sweep_roll_r1,0.1894402542527847,0.1948238001038384,0.02299612536941439
8999,px4,OFFBOARD_ATTITUDE,20260411_015324_px4_attitude_sweep_roll_r1,0.18345320606958035,0.19345806375688207,0.03265098241101236
9000,px4,OFFBOARD_ATTITUDE,20260411_015324_px4_attitude_sweep_roll_r1,0.17995192389242762,0.18744618662098828,0.028209692574290374
9001,px4,OFFBOARD_ATTITUDE,20260411_015324_px4_attitude_sweep_roll_r1,0.17087654901538427,0.17991532219841172,0.02684907724451758
9002,px4,OFFBOARD_ATTITUDE,20260411_015324_px4_attitude_sweep_roll_r1,0.163829743990465,0.1757787176168111,0.02932374258207627
9003,px4,OFFBOARD_ATTITUDE,20260411_015324_px4_attitude_sweep_roll_r1,0.15639660148797876,0.16581120466192326,0.033798237634872975
9004,px4,OFFBOARD_ATTITUDE,20260411_015324_px4_attitude_sweep_roll_r1,0.15141670757230066,0.1570829605638442,0.03405326947797905
9005,px4,OFFBOARD_ATTITUDE,20260411_015324_px4_attitude_sweep_roll_r1,0.14445479087015095,0.1480933640432003,0.02871388577056216
9006,px4,OFFBOARD_ATTITUDE,20260411_015324_px4_attitude_sweep_roll_r1,0.13674151644066496,0.1427943319025937,0.029892950748380647
9007,px4,OFFBOARD_ATTITUDE,20260411_015324_px4_attitude_sweep_roll_r1,0.13185707557268045,0.13466077367497828,0.027745963877415555
9008,px4,OFFBOARD_ATTITUDE,20260411_015324_px4_attitude_sweep_roll_r1,0.12972990927729244,0.12597641220024813,0.029228829780769194
9009,px4,OFFBOARD_ATTITUDE,20260411_015324_px4_attitude_sweep_roll_r1,0.12874236540415945,0.12055472046588077,0.028854565995487514
9010,px4,OFFBOARD_ATTITUDE,20260411_015324_px4_attitude_sweep_roll_r1,0.1273493130879202,0.11707320606518673,0.02472385630256213
9011,px4,OFFBOARD_ATTITUDE,20260411_015324_px4_attitude_sweep_roll_r1,0.12751691439450022,0.11539677068132088,0.021580763956942025
9012,px4,OFFBOARD_ATTITUDE,20260411_015324_px4_attitude_sweep_roll_r1,0.12876310680949585,0.11523696714756883,0.019886684853198108
9013,px4,OFFBOARD_ATTITUDE,20260411_015324_px4_attitude_sweep_roll_r1,0.13011878849906533,0.11678096951651748,0.018231563570634067
9014,px4,OFFBOARD_ATTITUDE,20260411_015324_px4_attitude_sweep_roll_r1,0.13147453439167084,0.12051069116579104,0.015329145770562281
9015,px4,OFFBOARD_ATTITUDE,20260411_015324_px4_attitude_sweep_roll_r1,0.13625365977326093,0.12481036093526991,0.021612321948476742
9016,px4,OFFBOARD_ATTITUDE,20260411_015324_px4_attitude_sweep_roll_r1,0.14030651898596386,0.12810691757975756,0.026118568202713015
9017,px4,OFFBOARD_ATTITUDE,20260411_015324_px4_attitude_sweep_roll_r1,0.14424746343285466,0.13547835588165344,0.029625526696366512
9018,px4,OFFBOARD_ATTITUDE,20260411_015324_px4_attitude_sweep_roll_r1,0.1491229871091043,0.14021543697335184,0.03215846031669852
9019,px4,OFFBOARD_ATTITUDE,20260411_015324_px4_attitude_sweep_roll_r1,0.15280875740408348,0.1452220261631161,0.033565022842936824
9020,px4,OFFBOARD_ATTITUDE,20260411_015324_px4_attitude_sweep_roll_r1,0.1557417675533965,0.15031050359898823,0.03190786763231754
9021,px4,OFFBOARD_ATTITUDE,20260411_015324_px4_attitude_sweep_roll_r1,0.15723816852231748,0.15477516849713607,0.03255811947618851
9022,px4,OFFBOARD_ATTITUDE,20260411_015324_px4_attitude_sweep_roll_r1,0.15791803218804376,0.15857554631262374,0.034934793229694526
9023,px4,OFFBOARD_ATTITUDE,20260411_015324_px4_attitude_sweep_roll_r1,0.15730334063126503,0.1612941274845246,0.038848174893307524
9024,px4,OFFBOARD_ATTITUDE,20260411_015324_px4_attitude_sweep_roll_r1,0.15650443666652175,0.16323148083093986,0.04452500420428746
9025,px4,OFFBOARD_ATTITUDE,20260411_015324_px4_attitude_sweep_roll_r1,0.15559936636865837,0.16486132274593995,0.04984273925291533
9026,px4,OFFBOARD_ATTITUDE,20260411_015324_px4_attitude_sweep_roll_r1,0.153923222885663,0.1657850974471553,0.053741270120339586
9027,px4,OFFBOARD_ATTITUDE,20260411_015324_px4_attitude_sweep_roll_r1,0.15226733053122998,0.1662126308584395,0.057621682118155035
9028,px4,OFFBOARD_ATTITUDE,20260411_015324_px4_attitude_sweep_roll_r1,0.1511164718211587,0.1650670304973455,0.06056578404985554
9029,px4,OFFBOARD_ATTITUDE,20260411_015324_px4_attitude_sweep_roll_r1,0.1485019159359373,0.1635738768861383,0.06372495557208878
9030,px4,OFFBOARD_ATTITUDE,20260411_015324_px4_attitude_sweep_roll_r1,0.14460575915843682,0.16290082797674113,0.06869593062666804
9031,px4,OFFBOARD_ATTITUDE,20260411_015324_px4_attitude_sweep_roll_r1,0.14206658826997443,0.16068653208418512,0.07298345493695169
9032,px4,OFFBOARD_ATTITUDE,20260411_015324_px4_attitude_sweep_roll_r1,0.13764171135830222,0.1573612978046871,0.07520772328494622
9033,px4,OFFBOARD_ATTITUDE,20260411_015324_px4_attitude_sweep_roll_r1,0.13356564070190302,0.15495381297156824,0.07700168036320697
9034,px4,OFFBOARD_ATTITUDE,20260411_015324_px4_attitude_sweep_roll_r1,0.12913957703080547,0.15045577276382335,0.07818681467183149
9035,px4,OFFBOARD_ATTITUDE,20260411_015324_px4_attitude_sweep_roll_r1,0.12181770446906633,0.14653355183238354,0.07819369849467891
9036,px4,OFFBOARD_ATTITUDE,20260411_015324_px4_attitude_sweep_roll_r1,0.11346694770203158,0.14227103775056088,0.07862781271361047
9037,px4,OFFBOARD_ATTITUDE,20260411_015324_px4_attitude_sweep_roll_r1,0.10763390505272256,0.1349386399767438,0.07558318620697842
9038,px4,OFFBOARD_ATTITUDE,20260411_015324_px4_attitude_sweep_roll_r1,0.10017703113585474,0.1267614317162616,0.0720578867328226
9039,px4,OFFBOARD_ATTITUDE,20260411_015324_px4_attitude_sweep_roll_r1,0.09136297361004031,0.1210993637903456,0.07100349456555231
9040,px4,OFFBOARD_ATTITUDE,20260411_015324_px4_attitude_sweep_roll_r1,0.08464945625717094,0.11417739390100307,0.06936880684846386
9041,px4,OFFBOARD_ATTITUDE,20260411_015324_px4_attitude_sweep_roll_r1,0.07707203893776204,0.10683179868154373,0.0691886762326207
9042,px4,OFFBOARD_ATTITUDE,20260411_015324_px4_attitude_sweep_roll_r1,0.07083473863565384,0.10108477648931388,0.0682959134814237
9043,px4,OFFBOARD_ATTITUDE,20260411_015324_px4_attitude_sweep_roll_r1,0.06421672492800862,0.09510109683875512,0.06746277292718057
9044,px4,OFFBOARD_ATTITUDE,20260411_015324_px4_attitude_sweep_roll_r1,0.057342478513568274,0.090389350193876,0.0664316091689669
9045,px4,OFFBOARD_ATTITUDE,20260411_015324_px4_attitude_sweep_roll_r1,0.04893921390449606,0.08600503147886746,0.0654247675481637
9046,px4,OFFBOARD_ATTITUDE,20260411_015324_px4_attitude_sweep_roll_r1,0.04006243911829742,0.08212887190857514,0.06517912868770094
9047,px4,OFFBOARD_ATTITUDE,20260411_015324_px4_attitude_sweep_roll_r1,0.03414096007731769,0.07838027969710804,0.06639248847849705
9048,px4,OFFBOARD_ATTITUDE,20260411_015324_px4_attitude_sweep_roll_r1,0.026993236336703304,0.07548111621788478,0.06696234165477279
9049,px4,OFFBOARD_ATTITUDE,20260411_015324_px4_attitude_sweep_roll_r1,0.02355005659474423,0.07453246958667252,0.06661195997845364
9050,px4,OFFBOARD_ATTITUDE,20260411_015324_px4_attitude_sweep_roll_r1,0.02189680244846899,0.07369412553762682,0.06484756109516271
9051,px4,OFFBOARD_ATTITUDE,20260411_015324_px4_attitude_sweep_roll_r1,0.022241627096093883,0.0727894813939717,0.06258105766881575
9052,px4,OFFBOARD_ATTITUDE,20260411_015324_px4_attitude_sweep_roll_r1,0.0302266910732145,0.07365820342543183,0.06305793792246608
9053,px4,OFFBOARD_ATTITUDE,20260411_015324_px4_attitude_sweep_roll_r1,0.04041476742749577,0.07537286686696301,0.06104457393972888
9054,px4,OFFBOARD_ATTITUDE,20260411_015324_px4_attitude_sweep_roll_r1,0.04796581787491378,0.07894222482608286,0.05729291890006742
9055,px4,OFFBOARD_ATTITUDE,20260411_015324_px4_attitude_sweep_roll_r1,0.057819990072259526,0.084202351545281,0.05523703044276504
9056,px4,OFFBOARD_ATTITUDE,20260411_015324_px4_attitude_sweep_roll_r1,0.06569131122030361,0.08901533810985256,0.05424038754476131
9057,px4,OFFBOARD_ATTITUDE,20260411_015324_px4_attitude_sweep_roll_r1,0.07308055423577982,0.09462199425938654,0.05229024802297688
9058,px4,OFFBOARD_ATTITUDE,20260411_015324_px4_attitude_sweep_roll_r1,0.08102315032029082,0.09899761820809139,0.0504070875385503
9059,px4,OFFBOARD_ATTITUDE,20260411_015324_px4_attitude_sweep_roll_r1,0.08988749028214928,0.10377055893505231,0.04975593665527078
9060,px4,OFFBOARD_ATTITUDE,20260411_015324_px4_attitude_sweep_roll_r1,0.0970255184438323,0.10851187136376458,0.047134862244715865
9061,px4,OFFBOARD_ATTITUDE,20260411_015324_px4_attitude_sweep_roll_r1,0.10454943265000619,0.11386440884089269,0.04381916792865775
9062,px4,OFFBOARD_ATTITUDE,20260411_015324_px4_attitude_sweep_roll_r1,0.11088109268128178,0.118725352495806,0.04134421369900226
9063,px4,OFFBOARD_ATTITUDE,20260411_015324_px4_attitude_sweep_roll_r1,0.11746008646696858,0.124173914562511,0.03940309258557056
9064,px4,OFFBOARD_ATTITUDE,20260411_015324_px4_attitude_sweep_roll_r1,0.12330340911169241,0.12891260492379725,0.038368314835801984
9065,px4,OFFBOARD_ATTITUDE,20260411_015324_px4_attitude_sweep_roll_r1,0.12826464234785537,0.1335867166976795,0.03623726800182182
9066,px4,OFFBOARD_ATTITUDE,20260411_015324_px4_attitude_sweep_roll_r1,0.1336288577250195,0.13774352124140152,0.037902271804834
9067,px4,OFFBOARD_ATTITUDE,20260411_015324_px4_attitude_sweep_roll_r1,0.13916020212961225,0.14120500089310378,0.038216251297006495
9068,px4,OFFBOARD_ATTITUDE,20260411_015324_px4_attitude_sweep_roll_r1,0.14377624398061975,0.14424172645085453,0.039555352468889
9069,px4,OFFBOARD_ATTITUDE,20260411_015324_px4_attitude_sweep_roll_r1,0.1469353175860735,0.14730666733007522,0.03864820075519095
9070,px4,OFFBOARD_ATTITUDE,20260411_015324_px4_attitude_sweep_roll_r1,0.1477925321671065,0.14918495115999963,0.032321700620097704
9071,px4,OFFBOARD_ATTITUDE,20260411_015324_px4_attitude_sweep_roll_r1,0.14824881914786214,0.15028430373233634,0.02861857342580522
9072,px4,OFFBOARD_ATTITUDE,20260411_015324_px4_attitude_sweep_roll_r1,0.1477933032914648,0.15009335959235737,0.024736304717552112
9073,px4,OFFBOARD_ATTITUDE,20260411_015324_px4_attitude_sweep_roll_r1,0.1463045394289138,0.14970959943253628,0.024020055428446777
9074,px4,OFFBOARD_ATTITUDE,20260411_015324_px4_attitude_sweep_roll_r1,0.14376538734413757,0.14872667356119199,0.026198440724400234
9075,px4,OFFBOARD_ATTITUDE,20260411_015324_px4_attitude_sweep_roll_r1,0.1409651820994427,0.14591880236781055,0.027711919831715587
9076,px4,OFFBOARD_ATTITUDE,20260411_015324_px4_attitude_sweep_roll_r1,0.13822357231567267,0.14237169848623435,0.029652844226579385
9077,px4,OFFBOARD_ATTITUDE,20260411_015324_px4_attitude_sweep_roll_r1,0.13440725811816248,0.138383605789208,0.030227800254395844
9078,px4,OFFBOARD_ATTITUDE,20260411_015324_px4_attitude_sweep_roll_r1,0.1289040756505844,0.13460445878180993,0.029512844935139
9079,px4,OFFBOARD_ATTITUDE,20260411_015324_px4_attitude_sweep_roll_r1,0.12357368699538722,0.12946496314149825,0.027313720017040865
9080,px4,OFFBOARD_ATTITUDE,20260411_015324_px4_attitude_sweep_roll_r1,0.11651012591867575,0.12363376551187852,0.029178271868285074
9081,px4,OFFBOARD_ATTITUDE,20260411_015324_px4_attitude_sweep_roll_r1,0.10979387675244748,0.11841609583776866,0.03260245262524327
9082,px4,OFFBOARD_ATTITUDE,20260411_015324_px4_attitude_sweep_roll_r1,0.10310778572593214,0.11143797194849836,0.03449427089616992
9083,px4,OFFBOARD_ATTITUDE,20260411_015324_px4_attitude_sweep_roll_r1,0.0910494741438543,0.1047679786288422,0.04182688904774411
9084,px4,OFFBOARD_ATTITUDE,20260411_015324_px4_attitude_sweep_roll_r1,0.07728140524173695,0.09774577426917312,0.047193552405882536
9085,px4,OFFBOARD_ATTITUDE,20260411_015324_px4_attitude_sweep_roll_r1,0.06531442264910586,0.0836491461784112,0.04136573514320823
9086,px4,OFFBOARD_ATTITUDE,20260411_015324_px4_attitude_sweep_roll_r1,0.0564070812226149,0.06928370478968697,0.03241832360410349
9087,px4,OFFBOARD_ATTITUDE,20260411_015324_px4_attitude_sweep_roll_r1,0.043797303995083324,0.05896560453472883,0.031274532739420456
9088,px4,OFFBOARD_ATTITUDE,20260411_015324_px4_attitude_sweep_roll_r1,0.033294123822029696,0.054620660578283006,0.03859562902353121
9089,px4,OFFBOARD_ATTITUDE,20260411_015324_px4_attitude_sweep_roll_r1,0.019932838663245012,0.04885402117416296,0.04377427288843459
9090,px4,OFFBOARD_ATTITUDE,20260411_015324_px4_attitude_sweep_roll_r1,0.01568783932628291,0.04251625527002793,0.0449479504923076
9091,px4,OFFBOARD_ATTITUDE,20260411_015324_px4_attitude_sweep_roll_r1,0.022049050187169784,0.03981103897263564,0.04685164442770201
9092,px4,OFFBOARD_ATTITUDE,20260411_015324_px4_attitude_sweep_roll_r1,0.03063156677562284,0.04221390848990689,0.04519676434277139
9093,px4,OFFBOARD_ATTITUDE,20260411_015324_px4_attitude_sweep_roll_r1,0.04200805851954761,0.04908906718227332,0.046164565409037885
9094,px4,OFFBOARD_ATTITUDE,20260411_015324_px4_attitude_sweep_roll_r1,0.05539404726350897,0.05736025778006969,0.04870930233464373
9095,px4,OFFBOARD_ATTITUDE,20260411_015324_px4_attitude_sweep_roll_r1,0.06707865754832427,0.06663879064212062,0.05074307452127644
9096,px4,OFFBOARD_ATTITUDE,20260411_015324_px4_attitude_sweep_roll_r1,0.08113285639065806,0.08027982810421665,0.03444665306526513
9097,px4,OFFBOARD_ATTITUDE,20260411_015324_px4_attitude_sweep_roll_r1,0.1256108318545358,0.09143632500807823,0.05449297324260953
9098,px4,OFFBOARD_ATTITUDE,20260411_015324_px4_attitude_sweep_roll_r1,0.15114117540858898,0.12060524499791848,0.0460363948493682
9099,px4,OFFBOARD_ATTITUDE,20260411_015324_px4_attitude_sweep_roll_r1,0.17704138646488177,0.18115632687109087,0.03986089595930181
9100,px4,OFFBOARD_ATTITUDE,20260411_015324_px4_attitude_sweep_roll_r1,0.21887799482211617,0.22378452342574437,0.04467955353712498
9101,px4,OFFBOARD_ATTITUDE,20260411_015324_px4_attitude_sweep_roll_r1,0.2592996497565444,0.256732426041251,0.050469661965065214
9102,px4,OFFBOARD_ATTITUDE,20260411_015324_px4_attitude_sweep_roll_r1,0.24295167234095863,0.3040110388976242,0.08301736391169875
9103,px4,OFFBOARD_ATTITUDE,20260411_015324_px4_attitude_sweep_roll_r1,0.30035463801779066,0.3472879195857725,0.0746078958188334
9104,px4,OFFBOARD_ATTITUDE,20260411_015324_px4_attitude_sweep_roll_r1,0.6128080608244344,0.30063903539063935,0.32932769552209495
9105,px4,OFFBOARD_ATTITUDE,20260411_015324_px4_attitude_sweep_roll_r1,0.8879864457996091,0.3559337771991978,0.5437047085662138
9106,px4,OFFBOARD_ATTITUDE,20260411_015324_px4_attitude_sweep_roll_r1,1.1732429270507956,0.766169553664267,0.41057978068983325
9107,px4,OFFBOARD_ATTITUDE,20260411_015324_px4_attitude_sweep_roll_r1,1.4059830704512568,1.0955712839020724,0.314197482203987
9108,px4,OFFBOARD_ATTITUDE,20260411_015324_px4_attitude_sweep_roll_r1,1.6817870361290514,1.4103345469596407,0.27601442546928434
9109,px4,OFFBOARD_ATTITUDE,20260411_015324_px4_attitude_sweep_roll_r1,1.8953891192239256,1.6463174988333078,0.25948463461278926
9110,px4,OFFBOARD_ATTITUDE,20260411_015324_px4_attitude_sweep_roll_r1,2.0864319946104835,1.888672746205332,0.22424247575650832
9111,px4,OFFBOARD_ATTITUDE,20260411_015324_px4_attitude_sweep_roll_r1,2.2129296860866696,2.0457763342310606,0.2075960514065382
9112,px4,OFFBOARD_ATTITUDE,20260411_015324_px4_attitude_sweep_roll_r1,2.282792920349533,2.1532673408499043,0.1681467231254109
9113,px4,OFFBOARD_ATTITUDE,20260411_015324_px4_attitude_sweep_roll_r1,2.282056828483665,2.2129589447670517,0.10252226455456068
9114,px4,OFFBOARD_ATTITUDE,20260411_015324_px4_attitude_sweep_roll_r1,2.2356910319451355,2.2406218474429633,0.058162804969920275
9115,px4,OFFBOARD_ATTITUDE,20260411_015324_px4_attitude_sweep_roll_r1,2.1443844578561633,2.232909813128926,0.1056685838789044
9116,px4,OFFBOARD_ATTITUDE,20260411_015324_px4_attitude_sweep_roll_r1,2.0307539937714227,2.180795555174616,0.15940950235897808
9117,px4,OFFBOARD_ATTITUDE,20260411_015324_px4_attitude_sweep_roll_r1,1.8867367015942456,2.083753655359819,0.20543849864852506
16150,px4,POSCTL,20260411_021221_px4_manual_alternating_pulse_train_throttle_r2,1.5692506057674973,1.5688730468639611,0.0013425190143029693
16151,px4,POSCTL,20260411_021221_px4_manual_alternating_pulse_train_throttle_r2,1.5691259991452373,1.5686541770623805,0.001214758110988935
16152,px4,POSCTL,20260411_021221_px4_manual_alternating_pulse_train_throttle_r2,1.5689683704573378,1.5684041123897716,0.0015718692826728522
16153,px4,POSCTL,20260411_021221_px4_manual_alternating_pulse_train_throttle_r2,1.5687395412599219,1.56810810056644,0.0017712811017863137
16154,px4,POSCTL,20260411_021221_px4_manual_alternating_pulse_train_throttle_r2,1.5684235139786091,1.5678212565373022,0.001647181244318058
16155,px4,POSCTL,20260411_021221_px4_manual_alternating_pulse_train_throttle_r2,1.5682930357906975,1.5674593741473646,0.00206622699009456
16156,px4,POSCTL,20260411_021221_px4_manual_alternating_pulse_train_throttle_r2,1.568089877020466,1.5670458741869573,0.0020055180568686053
16157,px4,POSCTL,20260411_021221_px4_manual_alternating_pulse_train_throttle_r2,1.5679218035624065,1.566744602313931,0.0017872488807176123
16158,px4,POSCTL,20260411_021221_px4_manual_alternating_pulse_train_throttle_r2,1.567803206040031,1.5664154402524904,0.0019687369090147693
16159,px4,POSCTL,20260411_021221_px4_manual_alternating_pulse_train_throttle_r2,1.5676421516568393,1.5661356948141336,0.0023346643135601884
16160,px4,POSCTL,20260411_021221_px4_manual_alternating_pulse_train_throttle_r2,1.5673356140612935,1.565941362495268,0.0023748428300656155
16161,px4,POSCTL,20260411_021221_px4_manual_alternating_pulse_train_throttle_r2,1.5672218984370572,1.565681674523243,0.00239419297202994
16162,px4,POSCTL,20260411_021221_px4_manual_alternating_pulse_train_throttle_r2,1.5670197514564368,1.5652508821521922,0.0024709846666867504
16163,px4,POSCTL,20260411_021221_px4_manual_alternating_pulse_train_throttle_r2,1.5668561894504134,1.5650999079641479,0.0022270701447054168
16164,px4,POSCTL,20260411_021221_px4_manual_alternating_pulse_train_throttle_r2,1.5665988659766834,1.5648086830512793,0.0023652755476409105
16165,px4,POSCTL,20260411_021221_px4_manual_alternating_pulse_train_throttle_r2,1.5661261149352073,1.5645761087553451,0.002341618322094246
16166,px4,POSCTL,20260411_021221_px4_manual_alternating_pulse_train_throttle_r2,1.5658175155574607,1.5642505349164437,0.00220092798124939
16167,px4,POSCTL,20260411_021221_px4_manual_alternating_pulse_train_throttle_r2,1.5653688468765559,1.5637402579573338,0.002299792433248141
16168,px4,POSCTL,20260411_021221_px4_manual_alternating_pulse_train_throttle_r2,1.5648841875096764,1.5634571589546098,0.0021861717434014096
16169,px4,POSCTL,20260411_021221_px4_manual_alternating_pulse_train_throttle_r2,1.5644353114693776,1.5629669151482377,0.002020396589035717
16170,px4,POSCTL,20260411_021221_px4_manual_alternating_pulse_train_throttle_r2,1.5642123884442172,1.5624373920678336,0.002358854307728878
16171,px4,POSCTL,20260411_021221_px4_manual_alternating_pulse_train_throttle_r2,1.564121872082874,1.5619110195873973,0.0028042286390543556
16172,px4,POSCTL,20260411_021221_px4_manual_alternating_pulse_train_throttle_r2,1.5641332037423095,1.5616243984119849,0.0030519466613565674
16173,px4,POSCTL,20260411_021221_px4_manual_alternating_pulse_train_throttle_r2,1.564204870496439,1.561395398175819,0.003447895128607959
16174,px4,POSCTL,20260411_021221_px4_manual_alternating_pulse_train_throttle_r2,1.5643230770422607,1.5613328337015964,0.0033665461261835703
16175,px4,POSCTL,20260411_021221_px4_manual_alternating_pulse_train_throttle_r2,1.5645049735857304,1.5613420665945186,0.003631042531641839
16176,px4,POSCTL,20260411_021221_px4_manual_alternating_pulse_train_throttle_r2,1.564691103570085,1.5614051807166227,0.0038236508598133083
16177,px4,POSCTL,20260411_021221_px4_manual_alternating_pulse_train_throttle_r2,1.5648464520127976,1.561518470830053,0.003693603913047696
16178,px4,POSCTL,20260411_021221_px4_manual_alternating_pulse_train_throttle_r2,1.5649575175193415,1.5616838548062413,0.00378497143276064
16179,px4,POSCTL,20260411_021221_px4_manual_alternating_pulse_train_throttle_r2,1.56492930955209,1.561794172723302,0.0036984863727696367
16180,px4,POSCTL,20260411_021221_px4_manual_alternating_pulse_train_throttle_r2,1.5649274890149463,1.5618218371698047,0.003578259533871607
16181,px4,POSCTL,20260411_021221_px4_manual_alternating_pulse_train_throttle_r2,1.5648881143489204,1.5617633675198503,0.003591285988272291
16182,px4,POSCTL,20260411_021221_px4_manual_alternating_pulse_train_throttle_r2,1.564869758821466,1.561702539021911,0.0036332077939108154
16183,px4,POSCTL,20260411_021221_px4_manual_alternating_pulse_train_throttle_r2,1.5649134935026647,1.5616665579026312,0.0037534837016695625
16184,px4,POSCTL,20260411_021221_px4_manual_alternating_pulse_train_throttle_r2,1.565062336284566,1.561643936464556,0.003791802406656391
16185,px4,POSCTL,20260411_021221_px4_manual_alternating_pulse_train_throttle_r2,1.5652809797690028,1.5616566631963935,0.003996718103567809
16186,px4,POSCTL,20260411_021221_px4_manual_alternating_pulse_train_throttle_r2,1.565601145573152,1.5617605094966942,0.00418962433578851
16187,px4,POSCTL,20260411_021221_px4_manual_alternating_pulse_train_throttle_r2,1.5660587958115106,1.5619211066468814,0.004394674039474505
16188,px4,POSCTL,20260411_021221_px4_manual_alternating_pulse_train_throttle_r2,1.5664828018049475,1.5621817103563163,0.004625808245483022
16189,px4,POSCTL,20260411_021221_px4_manual_alternating_pulse_train_throttle_r2,1.566783921158468,1.5625449722339348,0.00462100261310392
16190,px4,POSCTL,20260411_021221_px4_manual_alternating_pulse_train_throttle_r2,1.5669619524332232,1.5629217918637024,0.004344430053503043
16191,px4,POSCTL,20260411_021221_px4_manual_alternating_pulse_train_throttle_r2,1.5670742461770568,1.5632706668473597,0.004280163976066895
16192,px4,POSCTL,20260411_021221_px4_manual_alternating_pulse_train_throttle_r2,1.566934676615957,1.5634328089984035,0.0039310801329375195
16193,px4,POSCTL,20260411_021221_px4_manual_alternating_pulse_train_throttle_r2,1.5667048783280397,1.5635263653684306,0.003602834955184763
16194,px4,POSCTL,20260411_021221_px4_manual_alternating_pulse_train_throttle_r2,1.5663976691294639,1.5633195052206899,0.0037559508259155656
16195,px4,POSCTL,20260411_021221_px4_manual_alternating_pulse_train_throttle_r2,1.5659793764653027,1.5630530410825383,0.0034482984123418562
16196,px4,POSCTL,20260411_021221_px4_manual_alternating_pulse_train_throttle_r2,1.5656713487784848,1.5626887318419154,0.0034652180470660723
16197,px4,POSCTL,20260411_021221_px4_manual_alternating_pulse_train_throttle_r2,1.565211240380927,1.5621523306245897,0.0035829953812340377
16198,px4,POSCTL,20260411_021221_px4_manual_alternating_pulse_train_throttle_r2,1.5649517819318206,1.5616690782961393,0.003860846538071566
16199,px4,POSCTL,20260411_021221_px4_manual_alternating_pulse_train_throttle_r2,1.5647058322873624,1.5610820304793662,0.004108658914345987
16200,px4,POSCTL,20260411_021221_px4_manual_alternating_pulse_train_throttle_r2,1.5645254200078331,1.5607571048786775,0.004158590931218231
16201,px4,POSCTL,20260411_021221_px4_manual_alternating_pulse_train_throttle_r2,1.5644243227090577,1.5604482058714444,0.004279072770989864
16202,px4,POSCTL,20260411_021221_px4_manual_alternating_pulse_train_throttle_r2,1.5643409024260477,1.56011795226499,0.004707609231325162
16203,px4,POSCTL,20260411_021221_px4_manual_alternating_pulse_train_throttle_r2,1.564297950797892,1.5599568770949195,0.004820155965051332
16204,px4,POSCTL,20260411_021221_px4_manual_alternating_pulse_train_throttle_r2,1.5642633611499932,1.55977686784997,0.0048386858185432155
16205,px4,POSCTL,20260411_021221_px4_manual_alternating_pulse_train_throttle_r2,1.5642730582629838,1.5596659533447712,0.004949220869870911
16206,px4,POSCTL,20260411_021221_px4_manual_alternating_pulse_train_throttle_r2,1.5642868494079896,1.5595655912635287,0.005062777378767566
16207,px4,POSCTL,20260411_021221_px4_manual_alternating_pulse_train_throttle_r2,1.5643241021894334,1.5595124201974815,0.005234291401509752
16208,px4,POSCTL,20260411_021221_px4_manual_alternating_pulse_train_throttle_r2,1.5643304100199622,1.5594681581268832,0.005313217615029596
16209,px4,POSCTL,20260411_021221_px4_manual_alternating_pulse_train_throttle_r2,1.5643344497846814,1.5594508954521868,0.00519487330886541
16210,px4,POSCTL,20260411_021221_px4_manual_alternating_pulse_train_throttle_r2,1.564410066750925,1.559410839076194,0.0053609074717817125
16211,px4,POSCTL,20260411_021221_px4_manual_alternating_pulse_train_throttle_r2,1.5645518120184525,1.5593264117012737,0.005546427768319839
16212,px4,POSCTL,20260411_021221_px4_manual_alternating_pulse_train_throttle_r2,1.5647006089429019,1.5593363742700301,0.005719997576462236
16213,px4,POSCTL,20260411_021221_px4_manual_alternating_pulse_train_throttle_r2,1.5648276861258767,1.5593692250384101,0.005847088072716334
16214,px4,POSCTL,20260411_021221_px4_manual_alternating_pulse_train_throttle_r2,1.564993162741425,1.559419662846109,0.005966673508401487
16215,px4,POSCTL,20260411_021221_px4_manual_alternating_pulse_train_throttle_r2,1.5650524930240046,1.5594819711507888,0.00595616216286995
16216,px4,POSCTL,20260411_021221_px4_manual_alternating_pulse_train_throttle_r2,1.5651865324242815,1.5596362874794958,0.005861795370490185
16217,px4,POSCTL,20260411_021221_px4_manual_alternating_pulse_train_throttle_r2,1.565428396434611,1.5596909038301772,0.006057352388266083
16218,px4,POSCTL,20260411_021221_px4_manual_alternating_pulse_train_throttle_r2,1.5656633843717689,1.5598275511293354,0.006213018746748714
16219,px4,POSCTL,20260411_021221_px4_manual_alternating_pulse_train_throttle_r2,1.5658779341142275,1.5600390058361997,0.006187560699837356
16220,px4,POSCTL,20260411_021221_px4_manual_alternating_pulse_train_throttle_r2,1.566151001116031,1.5602586617303442,0.006183002233068602
16221,px4,POSCTL,20260411_021221_px4_manual_alternating_pulse_train_throttle_r2,1.5663089923539417,1.5604491769478044,0.0062281430031126475
16222,px4,POSCTL,20260411_021221_px4_manual_alternating_pulse_train_throttle_r2,1.5664725254971035,1.5606913755965681,0.006140868158536328
16223,px4,POSCTL,20260411_021221_px4_manual_alternating_pulse_train_throttle_r2,1.5666741455540518,1.5608486644082094,0.006148395234744515
16224,px4,POSCTL,20260411_021221_px4_manual_alternating_pulse_train_throttle_r2,1.5667971873489073,1.561001888685994,0.006115875237461153
16225,px4,POSCTL,20260411_021221_px4_manual_alternating_pulse_train_throttle_r2,1.5669309600338583,1.561277441956141,0.006042852781691968
16226,px4,POSCTL,20260411_021221_px4_manual_alternating_pulse_train_throttle_r2,1.5671111509912443,1.5615329740697692,0.005878434784862481
16227,px4,POSCTL,20260411_021221_px4_manual_alternating_pulse_train_throttle_r2,1.5673018881802163,1.5616807702836182,0.005961734244257047
16228,px4,POSCTL,20260411_021221_px4_manual_alternating_pulse_train_throttle_r2,1.5674471729829338,1.5618742714948093,0.005843485551037805
16229,px4,POSCTL,20260411_021221_px4_manual_alternating_pulse_train_throttle_r2,1.5675142114728478,1.5621572176767984,0.005654485210761036
16230,px4,POSCTL,20260411_021221_px4_manual_alternating_pulse_train_throttle_r2,1.5675702170527597,1.5623152032650156,0.0055766666062099695
16231,px4,POSCTL,20260411_021221_px4_manual_alternating_pulse_train_throttle_r2,1.5676469258174441,1.562416363013789,0.005588395319739535
16232,px4,POSCTL,20260411_021221_px4_manual_alternating_pulse_train_throttle_r2,1.5677900293909848,1.5624948982352747,0.00564656491274741
16233,px4,POSCTL,20260411_021221_px4_manual_alternating_pulse_train_throttle_r2,1.5679604590361562,1.5625664507060009,0.005811679682764913
16234,px4,POSCTL,20260411_021221_px4_manual_alternating_pulse_train_throttle_r2,1.5679150081344386,1.5626714440355203,0.005634262138279089
16235,px4,POSCTL,20260411_021221_px4_manual_alternating_pulse_train_throttle_r2,1.5678335502354797,1.5627877666080607,0.00542568605602426
16236,px4,POSCTL,20260411_021221_px4_manual_alternating_pulse_train_throttle_r2,1.5677472326716253,1.5626777325895849,0.005514435245672829
16237,px4,POSCTL,20260411_021221_px4_manual_alternating_pulse_train_throttle_r2,1.5675861026980091,1.5625615240135386,0.005392632153732682
16238,px4,POSCTL,20260411_021221_px4_manual_alternating_pulse_train_throttle_r2,1.5674134760307845,1.5624136654291723,0.005403259740027878
16239,px4,POSCTL,20260411_021221_px4_manual_alternating_pulse_train_throttle_r2,1.5671759859898187,1.5622325691388448,0.005287422762253134
16240,px4,POSCTL,20260411_021221_px4_manual_alternating_pulse_train_throttle_r2,1.566990523240284,1.5620220818657193,0.00536276246414222
16241,px4,POSCTL,20260411_021221_px4_manual_alternating_pulse_train_throttle_r2,1.566834640236747,1.5617344599846543,0.005585120694463071
16242,px4,POSCTL,20260411_021221_px4_manual_alternating_pulse_train_throttle_r2,1.5666759299301352,1.5616312601071247,0.005473955615576899
16243,px4,POSCTL,20260411_021221_px4_manual_alternating_pulse_train_throttle_r2,1.5665754476883236,1.5614942727227077,0.005373141861621977
16244,px4,POSCTL,20260411_021221_px4_manual_alternating_pulse_train_throttle_r2,1.5665855394793282,1.5613607525692594,0.0054084803920887445
16245,px4,POSCTL,20260411_021221_px4_manual_alternating_pulse_train_throttle_r2,1.566831099572637,1.5613780477601273,0.0062697822412640805
16246,px4,POSCTL,20260411_021221_px4_manual_alternating_pulse_train_throttle_r2,1.5674992622105066,1.5617270520585838,0.011172217364805304
16247,px4,POSCTL,20260411_021221_px4_manual_alternating_pulse_train_throttle_r2,1.568035615897001,1.5623229214342005,0.01597396262404086
16248,px4,POSCTL,20260411_021221_px4_manual_alternating_pulse_train_throttle_r2,1.5685550825413337,1.5640346905675444,0.017073148680086612
16249,px4,POSCTL,20260411_021221_px4_manual_alternating_pulse_train_throttle_r2,1.5689595298916963,1.5655403946120583,0.014742149351898047
16250,px4,POSCTL,20260411_021221_px4_manual_alternating_pulse_train_throttle_r2,1.5692023416780263,1.5676950422434683,0.009299410612587097
16251,px4,POSCTL,20260411_021221_px4_manual_alternating_pulse_train_throttle_r2,1.5691585102108074,1.570045612933861,0.004829963446409317
16252,px4,POSCTL,20260411_021221_px4_manual_alternating_pulse_train_throttle_r2,1.5688663798753013,1.572730578889196,0.003986810868024826
16253,px4,POSCTL,20260411_021221_px4_manual_alternating_pulse_train_throttle_r2,1.5686275598562043,1.5748602645047611,0.006421892988161027
16254,px4,POSCTL,20260411_021221_px4_manual_alternating_pulse_train_throttle_r2,1.5681345735991936,1.576343237950377,0.008803046352944622
16255,px4,POSCTL,20260411_021221_px4_manual_alternating_pulse_train_throttle_r2,1.5674369928618208,1.5779385484268595,0.011555878404292693
16256,px4,POSCTL,20260411_021221_px4_manual_alternating_pulse_train_throttle_r2,1.566656461378222,1.5789674289387865,0.013364704209843103
16257,px4,POSCTL,20260411_021221_px4_manual_alternating_pulse_train_throttle_r2,1.565913737753628,1.5794363313451467,0.014426783340559187
16258,px4,POSCTL,20260411_021221_px4_manual_alternating_pulse_train_throttle_r2,1.5648062789861026,1.5795887057214466,0.015442343992031217
16259,px4,POSCTL,20260411_021221_px4_manual_alternating_pulse_train_throttle_r2,1.5630811568176943,1.5794432409213168,0.017123320244935143
16260,px4,POSCTL,20260411_021221_px4_manual_alternating_pulse_train_throttle_r2,1.561905498409865,1.5786947529026822,0.017424439886496643
16261,px4,POSCTL,20260411_021221_px4_manual_alternating_pulse_train_throttle_r2,1.5614051136018432,1.5774767568833363,0.016389803844577937
16262,px4,POSCTL,20260411_021221_px4_manual_alternating_pulse_train_throttle_r2,1.5605369770091404,1.5760740955411319,0.015888001216829394
16263,px4,POSCTL,20260411_021221_px4_manual_alternating_pulse_train_throttle_r2,1.560272472855506,1.5753674804639732,0.015591603035344738
16264,px4,POSCTL,20260411_021221_px4_manual_alternating_pulse_train_throttle_r2,1.5602841497412405,1.5743791520334864,0.014617271096245853
16265,px4,POSCTL,20260411_021221_px4_manual_alternating_pulse_train_throttle_r2,1.560445913287976,1.5737708187441695,0.014029177952286942
16266,px4,POSCTL,20260411_021221_px4_manual_alternating_pulse_train_throttle_r2,1.560922037895843,1.5735447822552824,0.013877833275529997
16267,px4,POSCTL,20260411_021221_px4_manual_alternating_pulse_train_throttle_r2,1.5612775879904621,1.5731930956448397,0.013427461385985459
16268,px4,POSCTL,20260411_021221_px4_manual_alternating_pulse_train_throttle_r2,1.5616021522452825,1.5730032701128918,0.012823419328750075
16269,px4,POSCTL,20260411_021221_px4_manual_alternating_pulse_train_throttle_r2,1.562270042639585,1.57278320118935,0.01257334980678756
16270,px4,POSCTL,20260411_021221_px4_manual_alternating_pulse_train_throttle_r2,1.5627096180716484,1.5725692376990925,0.012143865568583342
16271,px4,POSCTL,20260411_021221_px4_manual_alternating_pulse_train_throttle_r2,1.5630619683582159,1.5724030371616788,0.011563559802866361
16272,px4,POSCTL,20260411_021221_px4_manual_alternating_pulse_train_throttle_r2,1.5633164768679242,1.572357712045227,0.011427506605269956
16273,px4,POSCTL,20260411_021221_px4_manual_alternating_pulse_train_throttle_r2,1.5635322454442775,1.5719396974265532,0.010817568850897285
16274,px4,POSCTL,20260411_021221_px4_manual_alternating_pulse_train_throttle_r2,1.5635961934587785,1.5716289222483724,0.010409876791300643
16275,px4,POSCTL,20260411_021221_px4_manual_alternating_pulse_train_throttle_r2,1.5635556683649943,1.571247112226703,0.009967366902740936
16276,px4,POSCTL,20260411_021221_px4_manual_alternating_pulse_train_throttle_r2,1.5634002208639757,1.5706552108154948,0.009244285992062845
16277,px4,POSCTL,20260411_021221_px4_manual_alternating_pulse_train_throttle_r2,1.5628368587427723,1.5700487156183782,0.008785462407290157
16278,px4,POSCTL,20260411_021221_px4_manual_alternating_pulse_train_throttle_r2,1.5622894509646352,1.569341362357717,0.0084216438845429
16279,px4,POSCTL,20260411_021221_px4_manual_alternating_pulse_train_throttle_r2,1.5617226221957663,1.5682618853887131,0.008004154419855133
16280,px4,POSCTL,20260411_021221_px4_manual_alternating_pulse_train_throttle_r2,1.5614023432093413,1.5671012485902631,0.00734508831154769
16281,px4,POSCTL,20260411_021221_px4_manual_alternating_pulse_train_throttle_r2,1.5612869671602532,1.565902013962962,0.0065922151794100235
16282,px4,POSCTL,20260411_021221_px4_manual_alternating_pulse_train_throttle_r2,1.5613135505042766,1.5652253452608722,0.00622837699889745
16283,px4,POSCTL,20260411_021221_px4_manual_alternating_pulse_train_throttle_r2,1.561489530915559,1.564538278831411,0.005807328339107182
16284,px4,POSCTL,20260411_021221_px4_manual_alternating_pulse_train_throttle_r2,1.5619011193335217,1.5639135385304517,0.004975906059380368
16285,px4,POSCTL,20260411_021221_px4_manual_alternating_pulse_train_throttle_r2,1.5626184676933594,1.5636422436531627,0.003995649697183806
16286,px4,POSCTL,20260411_021221_px4_manual_alternating_pulse_train_throttle_r2,1.563204106207838,1.5633966393248249,0.003610092260176259
16287,px4,POSCTL,20260411_021221_px4_manual_alternating_pulse_train_throttle_r2,1.563778966417149,1.5636483912703723,0.0033682271447017277
16288,px4,POSCTL,20260411_021221_px4_manual_alternating_pulse_train_throttle_r2,1.5642264093823586,1.5639569514736116,0.0034389383110973804
16289,px4,POSCTL,20260411_021221_px4_manual_alternating_pulse_train_throttle_r2,1.5647787811921055,1.5643227761404128,0.0036567623424732538
16290,px4,POSCTL,20260411_021221_px4_manual_alternating_pulse_train_throttle_r2,1.5651022116508644,1.5646497439030536,0.004149032870158283
16291,px4,POSCTL,20260411_021221_px4_manual_alternating_pulse_train_throttle_r2,1.565573323994737,1.5651383676483457,0.004526356097833888
16292,px4,POSCTL,20260411_021221_px4_manual_alternating_pulse_train_throttle_r2,1.5658382926080903,1.5654745815099766,0.00396637089664907
16293,px4,POSCTL,20260411_021221_px4_manual_alternating_pulse_train_throttle_r2,1.5661259844880904,1.5658847186789628,0.003253595080172946
16294,px4,POSCTL,20260411_021221_px4_manual_alternating_pulse_train_throttle_r2,1.5665978468847916,1.5660991497078658,0.003612484049811604
16295,px4,POSCTL,20260411_021221_px4_manual_alternating_pulse_train_throttle_r2,1.5671527513247787,1.566324962381766,0.003835760905609468
16296,px4,POSCTL,20260411_021221_px4_manual_alternating_pulse_train_throttle_r2,1.567439882566014,1.5667295420152545,0.004329410010422988
16297,px4,POSCTL,20260411_021221_px4_manual_alternating_pulse_train_throttle_r2,1.5677075937186895,1.5673110786043138,0.004596709826644865
16298,px4,POSCTL,20260411_021221_px4_manual_alternating_pulse_train_throttle_r2,1.5677857130677508,1.5676696139391493,0.004204721971930568
16299,px4,POSCTL,20260411_021221_px4_manual_alternating_pulse_train_throttle_r2,1.567787579142949,1.5680308584869078,0.0042590443948672145
16300,px4,POSCTL,20260411_021221_px4_manual_alternating_pulse_train_throttle_r2,1.5678147118946208,1.5681354875696207,0.0039316728066787175
16301,px4,POSCTL,20260411_021221_px4_manual_alternating_pulse_train_throttle_r2,1.56785840950551,1.5682129076108553,0.004026552861304444
16302,px4,POSCTL,20260411_021221_px4_manual_alternating_pulse_train_throttle_r2,1.5678135647437104,1.5682269323302345,0.004459022622107283
16303,px4,POSCTL,20260411_021221_px4_manual_alternating_pulse_train_throttle_r2,1.5677460179963085,1.5682617076491436,0.003966339191260797
16304,px4,POSCTL,20260411_021221_px4_manual_alternating_pulse_train_throttle_r2,1.5675897077558398,1.5682316725690015,0.004388122988396312
16305,px4,POSCTL,20260411_021221_px4_manual_alternating_pulse_train_throttle_r2,1.5672016156039603,1.5681736355732498,0.00423878474725825
16306,px4,POSCTL,20260411_021221_px4_manual_alternating_pulse_train_throttle_r2,1.5669437452072958,1.567917229220262,0.003912032942791166
16307,px4,POSCTL,20260411_021221_px4_manual_alternating_pulse_train_throttle_r2,1.5667247424900343,1.5675767063562227,0.0037234749729655923
16308,px4,POSCTL,20260411_021221_px4_manual_alternating_pulse_train_throttle_r2,1.5662429215946618,1.5671041191683193,0.0038193749577232353
16309,px4,POSCTL,20260411_021221_px4_manual_alternating_pulse_train_throttle_r2,1.5659692809067987,1.5667322131740282,0.004133535215781153
16310,px4,POSCTL,20260411_021221_px4_manual_alternating_pulse_train_throttle_r2,1.5655036997960758,1.5661014021395268,0.003866618008234311
16311,px4,POSCTL,20260411_021221_px4_manual_alternating_pulse_train_throttle_r2,1.565137413686515,1.565671941103516,0.00362566753600389
16312,px4,POSCTL,20260411_021221_px4_manual_alternating_pulse_train_throttle_r2,1.5645290526444577,1.5652128441446156,0.0038690079268305796
16313,px4,POSCTL,20260411_021221_px4_manual_alternating_pulse_train_throttle_r2,1.5641017125999246,1.5646188554246967,0.004021850095742281
16314,px4,POSCTL,20260411_021221_px4_manual_alternating_pulse_train_throttle_r2,1.5636946296780736,1.5638611118479786,0.003895378444747147
16315,px4,POSCTL,20260411_021221_px4_manual_alternating_pulse_train_throttle_r2,1.5633258492612674,1.5631795653416745,0.004290891783437069
16316,px4,POSCTL,20260411_021221_px4_manual_alternating_pulse_train_throttle_r2,1.563036861810845,1.5625112812645046,0.004803530047600731
16317,px4,POSCTL,20260411_021221_px4_manual_alternating_pulse_train_throttle_r2,1.5629172137705125,1.561860630575754,0.004217269656854337
16318,px4,POSCTL,20260411_021221_px4_manual_alternating_pulse_train_throttle_r2,1.5627554538273656,1.5612149564905535,0.004552621677806488
16319,px4,POSCTL,20260411_021221_px4_manual_alternating_pulse_train_throttle_r2,1.5628261252986226,1.5608818744310309,0.004702832183336839
16320,px4,POSCTL,20260411_021221_px4_manual_alternating_pulse_train_throttle_r2,1.562874944039554,1.5604104464311797,0.004447889460611823
16321,px4,POSCTL,20260411_021221_px4_manual_alternating_pulse_train_throttle_r2,1.562863067844972,1.560252114994097,0.004495394981798365
16322,px4,POSCTL,20260411_021221_px4_manual_alternating_pulse_train_throttle_r2,1.5629309071921673,1.560018935784625,0.00465389847891056
16323,px4,POSCTL,20260411_021221_px4_manual_alternating_pulse_train_throttle_r2,1.5630636533383495,1.5597776107109014,0.004802877737671319
16324,px4,POSCTL,20260411_021221_px4_manual_alternating_pulse_train_throttle_r2,1.563116384999256,1.559631577152217,0.004697512115606284
16325,px4,POSCTL,20260411_021221_px4_manual_alternating_pulse_train_throttle_r2,1.5629054152382489,1.5595508904485387,0.004563245473614836
16326,px4,POSCTL,20260411_021221_px4_manual_alternating_pulse_train_throttle_r2,1.5625220495413432,1.5594757060900755,0.00472922942857406
16327,px4,POSCTL,20260411_021221_px4_manual_alternating_pulse_train_throttle_r2,1.5620308020681666,1.5592049207812428,0.004849748056972655
16328,px4,POSCTL,20260411_021221_px4_manual_alternating_pulse_train_throttle_r2,1.5615679722087525,1.5586867725343443,0.005079769045472784
16329,px4,POSCTL,20260411_021221_px4_manual_alternating_pulse_train_throttle_r2,1.5611873100335638,1.5580712917932436,0.005145256495586494
16330,px4,POSCTL,20260411_021221_px4_manual_alternating_pulse_train_throttle_r2,1.5606635190138305,1.5573280826994844,0.005136408597017887
16331,px4,POSCTL,20260411_021221_px4_manual_alternating_pulse_train_throttle_r2,1.5604026226022358,1.5567787813074687,0.0052722595302892045
16332,px4,POSCTL,20260411_021221_px4_manual_alternating_pulse_train_throttle_r2,1.5602494135557219,1.5561194995836862,0.005452467717718645
16333,px4,POSCTL,20260411_021221_px4_manual_alternating_pulse_train_throttle_r2,1.5602254176250687,1.555679505398177,0.00566964117978758
16334,px4,POSCTL,20260411_021221_px4_manual_alternating_pulse_train_throttle_r2,1.5603036740070675,1.5553944028970392,0.0058820352077232655
16335,px4,POSCTL,20260411_021221_px4_manual_alternating_pulse_train_throttle_r2,1.5603549020169982,1.5553112141804828,0.006027164696904382
16336,px4,POSCTL,20260411_021221_px4_manual_alternating_pulse_train_throttle_r2,1.5605834635180111,1.5552528485511998,0.006278144108525171
16337,px4,POSCTL,20260411_021221_px4_manual_alternating_pulse_train_throttle_r2,1.5607832189272668,1.5552461538690407,0.006498617307395597
16338,px4,POSCTL,20260411_021221_px4_manual_alternating_pulse_train_throttle_r2,1.5610002526585856,1.5553293429416675,0.006740919467735193
16339,px4,POSCTL,20260411_021221_px4_manual_alternating_pulse_train_throttle_r2,1.5612232960001502,1.5554242213652327,0.007031771762466077
16340,px4,POSCTL,20260411_021221_px4_manual_alternating_pulse_train_throttle_r2,1.5614175484261357,1.5555337631122315,0.006974713136835717
16341,px4,POSCTL,20260411_021221_px4_manual_alternating_pulse_train_throttle_r2,1.561626202707754,1.5556297642946233,0.00689565775434238
16342,px4,POSCTL,20260411_021221_px4_manual_alternating_pulse_train_throttle_r2,1.5619190890268433,1.5557118470078628,0.006942076840297555
16343,px4,POSCTL,20260411_021221_px4_manual_alternating_pulse_train_throttle_r2,1.5622905498586417,1.5558447973937137,0.007131694570114532
16344,px4,POSCTL,20260411_021221_px4_manual_alternating_pulse_train_throttle_r2,1.5625418978455146,1.556059621999447,0.007232484802488301
16345,px4,POSCTL,20260411_021221_px4_manual_alternating_pulse_train_throttle_r2,1.562719239748214,1.556308774021973,0.007140449534888439
16346,px4,POSCTL,20260411_021221_px4_manual_alternating_pulse_train_throttle_r2,1.563077527030479,1.5565290517593473,0.007562887889973222
16347,px4,POSCTL,20260411_021221_px4_manual_alternating_pulse_train_throttle_r2,1.5633230457091312,1.5566782171517353,0.007948956721885541
16348,px4,POSCTL,20260411_021221_px4_manual_alternating_pulse_train_throttle_r2,1.5636759861427558,1.5567877076860646,0.008170521285549319
16349,px4,POSCTL,20260411_021221_px4_manual_alternating_pulse_train_throttle_r2,1.5638763203608539,1.5568589486718099,0.008160048460600679
16350,px4,POSCTL,20260411_021221_px4_manual_alternating_pulse_train_throttle_r2,1.564267473650847,1.5570037944016748,0.007947277071740876
16351,px4,POSCTL,20260411_021221_px4_manual_alternating_pulse_train_throttle_r2,1.5647295136998451,1.5571200247344101,0.007837964064295575
16352,px4,POSCTL,20260411_021221_px4_manual_alternating_pulse_train_throttle_r2,1.5652448828844976,1.560428008566431,0.007386357778467133
16353,px4,POSCTL,20260411_021221_px4_manual_alternating_pulse_train_throttle_r2,1.5655521833065993,1.5604844706239245,0.009189108736543473
16354,px4,POSCTL,20260411_021221_px4_manual_alternating_pulse_train_throttle_r2,1.5658085218818218,1.5611888358654764,0.007650249790775411
16355,px4,POSCTL,20260411_021221_px4_manual_alternating_pulse_train_throttle_r2,1.5661272834002746,1.561493807645529,0.00699386359399103
16356,px4,POSCTL,20260411_021221_px4_manual_alternating_pulse_train_throttle_r2,1.5664171205881026,1.5619858831296978,0.006583350057172517
16357,px4,POSCTL,20260411_021221_px4_manual_alternating_pulse_train_throttle_r2,1.5666250405221644,1.5625604752396853,0.006362076014970626
16358,px4,POSCTL,20260411_021221_px4_manual_alternating_pulse_train_throttle_r2,1.5668800910995355,1.56310021546515,0.005895793075106617
16359,px4,POSCTL,20260411_021221_px4_manual_alternating_pulse_train_throttle_r2,1.567083176180414,1.5634572222484635,0.005529979428944066
16360,px4,POSCTL,20260411_021221_px4_manual_alternating_pulse_train_throttle_r2,1.5672920490229003,1.5638929382667375,0.00524432486758356
16361,px4,POSCTL,20260411_021221_px4_manual_alternating_pulse_train_throttle_r2,1.567525904674803,1.5641667839036966,0.004819529635684433
16362,px4,POSCTL,20260411_021221_px4_manual_alternating_pulse_train_throttle_r2,1.5676322696938847,1.5645808545311124,0.004784528139234312
16363,px4,POSCTL,20260411_021221_px4_manual_alternating_pulse_train_throttle_r2,1.5676832533714329,1.5649029855353003,0.00541763810356847
16364,px4,POSCTL,20260411_021221_px4_manual_alternating_pulse_train_throttle_r2,1.5676848161554713,1.565069567159188,0.005636377649409187
16365,px4,POSCTL,20260411_021221_px4_manual_alternating_pulse_train_throttle_r2,1.567656010966336,1.5650788261522202,0.005537711458564784
16366,px4,POSCTL,20260411_021221_px4_manual_alternating_pulse_train_throttle_r2,1.5675720301958904,1.5651682604956028,0.005681807842387813
16367,px4,POSCTL,20260411_021221_px4_manual_alternating_pulse_train_throttle_r2,1.5674466867884405,1.5651106709183067,0.0063540877833318694
16368,px4,POSCTL,20260411_021221_px4_manual_alternating_pulse_train_throttle_r2,1.5673496387610462,1.5650705738243684,0.005951207104694768
16369,px4,POSCTL,20260411_021221_px4_manual_alternating_pulse_train_throttle_r2,1.5673304658882634,1.5649552101400896,0.0050612646708033185
16370,px4,POSCTL,20260411_021221_px4_manual_alternating_pulse_train_throttle_r2,1.5673680532669403,1.5648373883819002,0.004726089953299866
16371,px4,POSCTL,20260411_021221_px4_manual_alternating_pulse_train_throttle_r2,1.5673777545938203,1.5648875756379474,0.005092350524506993
16372,px4,POSCTL,20260411_021221_px4_manual_alternating_pulse_train_throttle_r2,1.5673701436467253,1.5912514779475917,0.02475814663118606
16373,px4,POSCTL,20260411_021221_px4_manual_alternating_pulse_train_throttle_r2,1.5673695813790551,1.5912189164243604,0.02470272468645138
16374,px4,POSCTL,20260411_021221_px4_manual_alternating_pulse_train_throttle_r2,1.5673844674987114,1.5913469799659024,0.024813062873353095
16375,px4,POSCTL,20260411_021221_px4_manual_alternating_pulse_train_throttle_r2,1.5674046391886602,1.5919698735494638,0.025517997914699272
16376,px4,POSCTL,20260411_021221_px4_manual_alternating_pulse_train_throttle_r2,1.5674081856815767,1.5928374784441588,0.02620993048034954
16377,px4,POSCTL,20260411_021221_px4_manual_alternating_pulse_train_throttle_r2,1.5673692120288374,1.5949265169222795,0.028287187673224037
16378,px4,POSCTL,20260411_021221_px4_manual_alternating_pulse_train_throttle_r2,1.5673708293063568,1.5701928914243135,0.005124704789506951
16379,px4,POSCTL,20260411_021221_px4_manual_alternating_pulse_train_throttle_r2,1.5673705370752402,1.5726098033461966,0.006685048321462058
16380,px4,POSCTL,20260411_021221_px4_manual_alternating_pulse_train_throttle_r2,1.5673387781483483,1.5738720111735125,0.007769222586042391
16381,px4,POSCTL,20260411_021221_px4_manual_alternating_pulse_train_throttle_r2,1.5673314330293915,1.574977384710852,0.008789371186939754
16382,px4,POSCTL,20260411_021221_px4_manual_alternating_pulse_train_throttle_r2,1.5504910723032597,1.5751742316683008,0.024978396550979994
16383,px4,POSCTL,20260411_021221_px4_manual_alternating_pulse_train_throttle_r2,1.5502035131477472,1.5750146563171399,0.02507349075151589
16384,px4,POSCTL,20260411_021221_px4_manual_alternating_pulse_train_throttle_r2,1.54986181675902,1.5568111065253407,0.008035264195701847
16385,px4,POSCTL,20260411_021221_px4_manual_alternating_pulse_train_throttle_r2,1.5514903461701222,1.5553740259047637,0.005579017479949723
16386,px4,POSCTL,20260411_021221_px4_manual_alternating_pulse_train_throttle_r2,1.5546347110657859,1.5531780937733521,0.004313091534281756
16387,px4,POSCTL,20260411_021221_px4_manual_alternating_pulse_train_throttle_r2,1.5602086673667672,1.5524341690700507,0.008976923094267219
16388,px4,POSCTL,20260411_021221_px4_manual_alternating_pulse_train_throttle_r2,1.5640096354962372,1.5525764899803765,0.012117964085643322
16389,px4,POSCTL,20260411_021221_px4_manual_alternating_pulse_train_throttle_r2,1.5670773372823594,1.5554371774462303,0.01219297371539554
16390,px4,POSCTL,20260411_021221_px4_manual_alternating_pulse_train_throttle_r2,1.569037084011939,1.5577087549649666,0.011841222182908848
16391,px4,POSCTL,20260411_021221_px4_manual_alternating_pulse_train_throttle_r2,1.5698382140852167,1.560031159949289,0.010245376467613249
16392,px4,POSCTL,20260411_021221_px4_manual_alternating_pulse_train_throttle_r2,1.5701684574815435,1.536076009938874,0.03415559341694115
16393,px4,POSCTL,20260411_021221_px4_manual_alternating_pulse_train_throttle_r2,1.5701091794767084,1.5375300924461823,0.03264346493338868
16394,px4,POSCTL,20260411_021221_px4_manual_alternating_pulse_train_throttle_r2,1.5696195519683342,1.538477535792999,0.031205478587992174
16395,px4,POSCTL,20260411_021221_px4_manual_alternating_pulse_train_throttle_r2,1.568946904243698,1.538480391124575,0.030530740052744382
16396,px4,POSCTL,20260411_021221_px4_manual_alternating_pulse_train_throttle_r2,1.5681989428151462,1.5375896011912251,0.03069353477062238
16397,px4,POSCTL,20260411_021221_px4_manual_alternating_pulse_train_throttle_r2,1.5661197714898287,1.5360408765131093,0.030218249358129202
16398,px4,POSCTL,20260411_021221_px4_manual_alternating_pulse_train_throttle_r2,1.5650930613231164,1.5342071400496247,0.03103998809825209
16399,px4,POSCTL,20260411_021221_px4_manual_alternating_pulse_train_throttle_r2,1.5641042629227107,1.5582837797302447,0.018329297040340878
16400,px4,POSCTL,20260411_021221_px4_manual_alternating_pulse_train_throttle_r2,1.5652020568609972,1.5575616016534732,0.07080505539754012
16401,px4,POSCTL,20260411_021221_px4_manual_alternating_pulse_train_throttle_r2,1.5756230510758926,1.5571432406106762,0.18373213883705514
16402,px4,POSCTL,20260411_021221_px4_manual_alternating_pulse_train_throttle_r2,1.574177176425513,1.5600651285394924,0.13711371848024675
16403,px4,POSCTL,20260411_021221_px4_manual_alternating_pulse_train_throttle_r2,1.5685458427595476,1.5719175674062407,0.09236869319433445
16404,px4,POSCTL,20260411_021221_px4_manual_alternating_pulse_train_throttle_r2,1.5649298419857238,1.5718889446799758,0.09602694931289817
16405,px4,POSCTL,20260411_021221_px4_manual_alternating_pulse_train_throttle_r2,1.564474171080346,1.5677372027694434,0.12037129318348969
16406,px4,POSCTL,20260411_021221_px4_manual_alternating_pulse_train_throttle_r2,1.5664261447542527,1.5645815330681487,0.11873729035019215
16407,px4,POSCTL,20260411_021221_px4_manual_alternating_pulse_train_throttle_r2,1.5676804446991865,1.5624984452571806,0.08096976859465038
16408,px4,POSCTL,20260411_021221_px4_manual_alternating_pulse_train_throttle_r2,1.5675478171531667,1.5622921097717068,0.05287935401840186
16409,px4,POSCTL,20260411_021221_px4_manual_alternating_pulse_train_throttle_r2,1.5668376258094503,1.5619168946863402,0.034555701213238636
16410,px4,POSCTL,20260411_021221_px4_manual_alternating_pulse_train_throttle_r2,1.5661504329947857,1.5614580842933423,0.023522739708524202
16411,px4,POSCTL,20260411_021221_px4_manual_alternating_pulse_train_throttle_r2,1.565344426594128,1.5611281092320912,0.017445095475003225
16412,px4,POSCTL,20260411_021221_px4_manual_alternating_pulse_train_throttle_r2,1.564725344119013,1.58718996715006,0.027417110493501075
16413,px4,POSCTL,20260411_021221_px4_manual_alternating_pulse_train_throttle_r2,1.5641306551472012,1.586953372474711,0.026392734232036537
16414,px4,POSCTL,20260411_021221_px4_manual_alternating_pulse_train_throttle_r2,1.5639030290829836,1.586755629831234,0.02701878963013404
16415,px4,POSCTL,20260411_021221_px4_manual_alternating_pulse_train_throttle_r2,1.5638277058835126,1.5870189481972647,0.030160596860681826
16416,px4,POSCTL,20260411_021221_px4_manual_alternating_pulse_train_throttle_r2,1.5638166130871736,1.5880751257037995,0.033597330218932756
16417,px4,POSCTL,20260411_021221_px4_manual_alternating_pulse_train_throttle_r2,1.5639617807859914,1.589908342414476,0.04060913726898921
16418,px4,POSCTL,20260411_021221_px4_manual_alternating_pulse_train_throttle_r2,1.5641868994856918,1.5659321669945814,0.03666186615543129
16419,px4,POSCTL,20260411_021221_px4_manual_alternating_pulse_train_throttle_r2,1.5641595774121106,1.5684338959726025,0.04029593911951942
16420,px4,POSCTL,20260411_021221_px4_manual_alternating_pulse_train_throttle_r2,1.564049723911905,1.5710880458917749,0.045327264871912604
16421,px4,POSCTL,20260411_021221_px4_manual_alternating_pulse_train_throttle_r2,1.564002770867788,1.5723052296698756,0.046289741748780006
16422,px4,POSCTL,20260411_021221_px4_manual_alternating_pulse_train_throttle_r2,1.5641597695086134,1.572627036116565,0.04398833890262814
16423,px4,POSCTL,20260411_021221_px4_manual_alternating_pulse_train_throttle_r2,1.564216053497176,1.572277107897912,0.041362044212794595
16424,px4,POSCTL,20260411_021221_px4_manual_alternating_pulse_train_throttle_r2,1.564236002425041,1.571010546549616,0.0405859683568617
16425,px4,POSCTL,20260411_021221_px4_manual_alternating_pulse_train_throttle_r2,1.5641313721339891,1.5699277479874036,0.0369056581586886
16426,px4,POSCTL,20260411_021221_px4_manual_alternating_pulse_train_throttle_r2,1.5640771315576152,1.568503565909296,0.03529361107882037
16427,px4,POSCTL,20260411_021221_px4_manual_alternating_pulse_train_throttle_r2,1.5639765805952686,1.5666055887256374,0.028609972118849015
16428,px4,POSCTL,20260411_021221_px4_manual_alternating_pulse_train_throttle_r2,1.564061106261653,1.5644794749083095,0.02584563900679639
16429,px4,POSCTL,20260411_021221_px4_manual_alternating_pulse_train_throttle_r2,1.564152831811686,1.5622921634694307,0.015998804998418006
16430,px4,POSCTL,20260411_021221_px4_manual_alternating_pulse_train_throttle_r2,1.5640235218850889,1.5601584420605188,0.007390000527714829
16431,px4,POSCTL,20260411_021221_px4_manual_alternating_pulse_train_throttle_r2,1.5638723481707422,1.5590956028244831,0.006226196230316764
16432,px4,POSCTL,20260411_021221_px4_manual_alternating_pulse_train_throttle_r2,1.5634103417979974,1.5319574646364582,0.03157111734926264
16433,px4,POSCTL,20260411_021221_px4_manual_alternating_pulse_train_throttle_r2,1.5629953218380483,1.5318243400046094,0.03181547752925985
16434,px4,POSCTL,20260411_021221_px4_manual_alternating_pulse_train_throttle_r2,1.562532927284541,1.5314825899654076,0.0322390605420133
16435,px4,POSCTL,20260411_021221_px4_manual_alternating_pulse_train_throttle_r2,1.5623436899853367,1.530903303028095,0.03642297200439438
16436,px4,POSCTL,20260411_021221_px4_manual_alternating_pulse_train_throttle_r2,1.5623088143899004,1.5295707404556749,0.040660874410960085
16437,px4,POSCTL,20260411_021221_px4_manual_alternating_pulse_train_throttle_r2,1.5624026200035603,1.5285379880635184,0.04631660795710338
16438,px4,POSCTL,20260411_021221_px4_manual_alternating_pulse_train_throttle_r2,1.5625907148395284,1.5280903454332884,0.05243613994535461
16439,px4,POSCTL,20260411_021221_px4_manual_alternating_pulse_train_throttle_r2,1.5630729839536441,1.554703819502072,0.045435807321798576
16440,px4,POSCTL,20260411_021221_px4_manual_alternating_pulse_train_throttle_r2,1.5634253140832706,1.5551558340391392,0.048889275507997675
16441,px4,POSCTL,20260411_021221_px4_manual_alternating_pulse_train_throttle_r2,1.5636362865179267,1.556013249917255,0.049160521476175105
16442,px4,POSCTL,20260411_021221_px4_manual_alternating_pulse_train_throttle_r2,1.563874779196703,1.5576611086908982,0.04811253606679942
16443,px4,POSCTL,20260411_021221_px4_manual_alternating_pulse_train_throttle_r2,1.5639905751108698,1.5593901725048305,0.04474639234114402
16444,px4,POSCTL,20260411_021221_px4_manual_alternating_pulse_train_throttle_r2,1.563930757746107,1.561592356656777,0.04140533717514551
16445,px4,POSCTL,20260411_021221_px4_manual_alternating_pulse_train_throttle_r2,1.5634326475628484,1.5626906968091687,0.04230841180190933
16446,px4,POSCTL,20260411_021221_px4_manual_alternating_pulse_train_throttle_r2,1.5630497300631743,1.5628485341049911,0.04113154123266058
16447,px4,POSCTL,20260411_021221_px4_manual_alternating_pulse_train_throttle_r2,1.5625282762520294,1.5618058060079865,0.0395114293849925
16448,px4,POSCTL,20260411_021221_px4_manual_alternating_pulse_train_throttle_r2,1.5617965987602382,1.5608438410224328,0.036742649806986466
16449,px4,POSCTL,20260411_021221_px4_manual_alternating_pulse_train_throttle_r2,1.5612437130881995,1.5598458926810266,0.03428858577245304
16450,px4,POSCTL,20260411_021221_px4_manual_alternating_pulse_train_throttle_r2,1.560659142031549,1.5589602545796655,0.030637076640819105
16451,px4,POSCTL,20260411_021221_px4_manual_alternating_pulse_train_throttle_r2,1.55978052083454,1.58442595456086,0.03450498158191299
16452,px4,POSCTL,20260411_021221_px4_manual_alternating_pulse_train_throttle_r2,1.5588750429520826,1.583619466926909,0.03182756826262837
16453,px4,POSCTL,20260411_021221_px4_manual_alternating_pulse_train_throttle_r2,1.558195447657829,1.582880552372784,0.029403159082386814
16454,px4,POSCTL,20260411_021221_px4_manual_alternating_pulse_train_throttle_r2,1.5577245321098705,1.58286586403031,0.028561341119144976
16455,px4,POSCTL,20260411_021221_px4_manual_alternating_pulse_train_throttle_r2,1.557261308799297,1.5836179777607657,0.029421315758629222
16456,px4,POSCTL,20260411_021221_px4_manual_alternating_pulse_train_throttle_r2,1.5570909225883747,1.5852801927637663,0.0323583241149041
16457,px4,POSCTL,20260411_021221_px4_manual_alternating_pulse_train_throttle_r2,1.5569102324778414,1.5879114001917594,0.03702535279241553
16458,px4,POSCTL,20260411_021221_px4_manual_alternating_pulse_train_throttle_r2,1.5567424176379592,1.5897514445449479,0.04189247620755578
16459,px4,POSCTL,20260411_021221_px4_manual_alternating_pulse_train_throttle_r2,1.5565758642277812,1.5646752465793448,0.028507098237090325
16460,px4,POSCTL,20260411_021221_px4_manual_alternating_pulse_train_throttle_r2,1.556273529958903,1.5650021501398903,0.032442876420323015
16461,px4,POSCTL,20260411_021221_px4_manual_alternating_pulse_train_throttle_r2,1.5559235873839632,1.5647985751287992,0.03564461505577676
16462,px4,POSCTL,20260411_021221_px4_manual_alternating_pulse_train_throttle_r2,1.5557651133953325,1.5638622919760172,0.04295762671672147
16463,px4,POSCTL,20260411_021221_px4_manual_alternating_pulse_train_throttle_r2,1.5554891769203922,1.562240179928178,0.04554934412424813
16464,px4,POSCTL,20260411_021221_px4_manual_alternating_pulse_train_throttle_r2,1.554967653765656,1.561411403087075,0.04476568292568635
16465,px4,POSCTL,20260411_021221_px4_manual_alternating_pulse_train_throttle_r2,1.5543397153536758,1.5584330817912313,0.039579678896238375
16466,px4,POSCTL,20260411_021221_px4_manual_alternating_pulse_train_throttle_r2,1.554116809573123,1.555787059636486,0.035057026109902856
16467,px4,POSCTL,20260411_021221_px4_manual_alternating_pulse_train_throttle_r2,1.5539523238495963,1.5521102058811675,0.03192138691567609
16468,px4,POSCTL,20260411_021221_px4_manual_alternating_pulse_train_throttle_r2,1.5539281803692335,1.549021236278246,0.03031325921537535
16469,px4,POSCTL,20260411_021221_px4_manual_alternating_pulse_train_throttle_r2,1.5538322331473928,1.5472519211941493,0.024615347536991974
16470,px4,POSCTL,20260411_021221_px4_manual_alternating_pulse_train_throttle_r2,1.5539562694123856,1.5456285984429605,0.02482850328597534
16471,px4,POSCTL,20260411_021221_px4_manual_alternating_pulse_train_throttle_r2,1.5543071559375425,1.5449718974195064,0.02636699308511037
16472,px4,POSCTL,20260411_021221_px4_manual_alternating_pulse_train_throttle_r2,1.554630704872703,1.5452765822859638,0.01888298960167283
16473,px4,POSCTL,20260411_021221_px4_manual_alternating_pulse_train_throttle_r2,1.5550835536724754,1.5463052612265589,0.019404589412247653
16474,px4,POSCTL,20260411_021221_px4_manual_alternating_pulse_train_throttle_r2,1.5554001363476901,1.5475216201593194,0.021220439742386864
16475,px4,POSCTL,20260411_021221_px4_manual_alternating_pulse_train_throttle_r2,1.5559050748629288,1.5486852194193859,0.024774380429052785
16476,px4,POSCTL,20260411_021221_px4_manual_alternating_pulse_train_throttle_r2,1.5568114926053307,1.5492292261097038,0.02758900584733064
16477,px4,POSCTL,20260411_021221_px4_manual_alternating_pulse_train_throttle_r2,1.5577532976107118,1.5499468972716246,0.02441638905373817
16478,px4,POSCTL,20260411_021221_px4_manual_alternating_pulse_train_throttle_r2,1.5585137230270982,1.5508899836765826,0.018785731093932084
16479,px4,POSCTL,20260411_021221_px4_manual_alternating_pulse_train_throttle_r2,1.559638488744312,1.5518797418424253,0.016779905820027693
16480,px4,POSCTL,20260411_021221_px4_manual_alternating_pulse_train_throttle_r2,1.5606201545649447,1.5525767180209729,0.014859168490691186
16481,px4,POSCTL,20260411_021221_px4_manual_alternating_pulse_train_throttle_r2,1.561099041564708,1.5537258066984183,0.010070184544908546
16482,px4,POSCTL,20260411_021221_px4_manual_alternating_pulse_train_throttle_r2,1.561638843154977,1.5547950258968084,0.00978457603941019
16483,px4,POSCTL,20260411_021221_px4_manual_alternating_pulse_train_throttle_r2,1.5619689402972932,1.5552596965070058,0.01582191112363409
16484,px4,POSCTL,20260411_021221_px4_manual_alternating_pulse_train_throttle_r2,1.5617800477671422,1.555538904145606,0.01279490300440696
16485,px4,POSCTL,20260411_021221_px4_manual_alternating_pulse_train_throttle_r2,1.5615022232336646,1.555511358384544,0.010106833442059244
16486,px4,POSCTL,20260411_021221_px4_manual_alternating_pulse_train_throttle_r2,1.5609997162776534,1.5551061525247125,0.013323147032701292
16487,px4,POSCTL,20260411_021221_px4_manual_alternating_pulse_train_throttle_r2,1.5601788226136433,1.5547096363167126,0.007701412637565251
16488,px4,POSCTL,20260411_021221_px4_manual_alternating_pulse_train_throttle_r2,1.5594128997751957,1.554261273097342,0.00781691404867635
16489,px4,POSCTL,20260411_021221_px4_manual_alternating_pulse_train_throttle_r2,1.558526564955388,1.5532748522280277,0.006835106715950683
16490,px4,POSCTL,20260411_021221_px4_manual_alternating_pulse_train_throttle_r2,1.5575842788003893,1.5524135589814316,0.00978638513770234
16491,px4,POSCTL,20260411_021221_px4_manual_alternating_pulse_train_throttle_r2,1.5565312533570146,1.5514088528736858,0.012121769316268459
16492,px4,POSCTL,20260411_021221_px4_manual_alternating_pulse_train_throttle_r2,1.555791119101582,1.5501674986106566,0.013948945494628188
16493,px4,POSCTL,20260411_021221_px4_manual_alternating_pulse_train_throttle_r2,1.555291794418546,1.5492176572234477,0.016411476096650366
16494,px4,POSCTL,20260411_021221_px4_manual_alternating_pulse_train_throttle_r2,1.5552371455102418,1.5484306165118014,0.04810886954485552
16495,px4,POSCTL,20260411_021221_px4_manual_alternating_pulse_train_throttle_r2,1.5565816990594097,1.5479123910259778,0.08621241770798767
16496,px4,POSCTL,20260411_021221_px4_manual_alternating_pulse_train_throttle_r2,1.5574781209388335,1.548182294161882,0.0842613168873856
16497,px4,POSCTL,20260411_021221_px4_manual_alternating_pulse_train_throttle_r2,1.5569331815601966,1.550088366058786,0.08965853023944685
16498,px4,POSCTL,20260411_021221_px4_manual_alternating_pulse_train_throttle_r2,1.556000770820852,1.551365843475881,0.09645578777443298
16499,px4,POSCTL,20260411_021221_px4_manual_alternating_pulse_train_throttle_r2,1.5558711018217413,1.550767957001506,0.0851171984540501
16500,px4,POSCTL,20260411_021221_px4_manual_alternating_pulse_train_throttle_r2,1.555705577552392,1.5496250536545768,0.05965482678805563
16501,px4,POSCTL,20260411_021221_px4_manual_alternating_pulse_train_throttle_r2,1.5564759572535893,1.5494520063151935,0.04709008822161017
16502,px4,POSCTL,20260411_021221_px4_manual_alternating_pulse_train_throttle_r2,1.5574021409069922,1.5493008776277881,0.03141979172356514
16503,px4,POSCTL,20260411_021221_px4_manual_alternating_pulse_train_throttle_r2,1.5581296140400078,1.5500588914790991,0.027319638402388227
16504,px4,POSCTL,20260411_021221_px4_manual_alternating_pulse_train_throttle_r2,1.5588573668456946,1.550775505096432,0.03428575121079471
16505,px4,POSCTL,20260411_021221_px4_manual_alternating_pulse_train_throttle_r2,1.5606213941947957,1.55118087495386,0.05909035441976784
16506,px4,POSCTL,20260411_021221_px4_manual_alternating_pulse_train_throttle_r2,1.5607360550053195,1.5516685056160322,0.04965467543829719
16507,px4,POSCTL,20260411_021221_px4_manual_alternating_pulse_train_throttle_r2,1.560542450663394,1.5530653974772184,0.05703086596994532
16508,px4,POSCTL,20260411_021221_px4_manual_alternating_pulse_train_throttle_r2,1.5598728726944326,1.5532695201228903,0.05419078498162802
16509,px4,POSCTL,20260411_021221_px4_manual_alternating_pulse_train_throttle_r2,1.559260440805128,1.5531335735001122,0.05058252544732615
16510,px4,POSCTL,20260411_021221_px4_manual_alternating_pulse_train_throttle_r2,1.5588492659068505,1.5527286578580635,0.04260042247171792
16513,px4,OFFBOARD_ATTITUDE,20260411_021315_px4_attitude_alternating_pulse_train_throttle_r1,1.5800984280929342,1.5678856349028765,0.012286368093624002
16514,px4,OFFBOARD_ATTITUDE,20260411_021315_px4_attitude_alternating_pulse_train_throttle_r1,1.579848103646337,1.5675247204901441,0.01241971103179536
16515,px4,OFFBOARD_ATTITUDE,20260411_021315_px4_attitude_alternating_pulse_train_throttle_r1,1.5796927550944249,1.5673940705026834,0.012383749704779165
16516,px4,OFFBOARD_ATTITUDE,20260411_021315_px4_attitude_alternating_pulse_train_throttle_r1,1.5796000672006276,1.5672479996811313,0.012418577127968362
16517,px4,OFFBOARD_ATTITUDE,20260411_021315_px4_attitude_alternating_pulse_train_throttle_r1,1.5795393217174725,1.5671408867658692,0.01245930890407496
16518,px4,OFFBOARD_ATTITUDE,20260411_021315_px4_attitude_alternating_pulse_train_throttle_r1,1.579528600901363,1.5671309293184006,0.012460624374907218
16519,px4,OFFBOARD_ATTITUDE,20260411_021315_px4_attitude_alternating_pulse_train_throttle_r1,1.5795293288530903,1.567132790326369,0.012485666312638049
16520,px4,OFFBOARD_ATTITUDE,20260411_021315_px4_attitude_alternating_pulse_train_throttle_r1,1.5795412961270698,1.5671629570402494,0.012451521553511478
16521,px4,OFFBOARD_ATTITUDE,20260411_021315_px4_attitude_alternating_pulse_train_throttle_r1,1.5795481713550024,1.567183652372282,0.012418441131003998
16522,px4,OFFBOARD_ATTITUDE,20260411_021315_px4_attitude_alternating_pulse_train_throttle_r1,1.5795343500488557,1.5672199343421178,0.012380435241942853
16523,px4,OFFBOARD_ATTITUDE,20260411_021315_px4_attitude_alternating_pulse_train_throttle_r1,1.5795253145304033,1.5672494903031395,0.012320021262178234
16524,px4,OFFBOARD_ATTITUDE,20260411_021315_px4_attitude_alternating_pulse_train_throttle_r1,1.579523132058515,1.5672565427537304,0.012325785422365069
16525,px4,OFFBOARD_ATTITUDE,20260411_021315_px4_attitude_alternating_pulse_train_throttle_r1,1.5795148574271154,1.567265490366517,0.012350209155301588
16526,px4,OFFBOARD_ATTITUDE,20260411_021315_px4_attitude_alternating_pulse_train_throttle_r1,1.5795059428636893,1.5672717237641383,0.012306729966073696
16527,px4,OFFBOARD_ATTITUDE,20260411_021315_px4_attitude_alternating_pulse_train_throttle_r1,1.5794906648764784,1.5672536643895199,0.012310307023113984
16528,px4,OFFBOARD_ATTITUDE,20260411_021315_px4_attitude_alternating_pulse_train_throttle_r1,1.5794985391605503,1.567197234603972,0.012388117236066734
16529,px4,OFFBOARD_ATTITUDE,20260411_021315_px4_attitude_alternating_pulse_train_throttle_r1,1.579572608349516,1.5671582822179262,0.01248542826059895
16530,px4,OFFBOARD_ATTITUDE,20260411_021315_px4_attitude_alternating_pulse_train_throttle_r1,1.5796078690934,1.5671481958372961,0.012506309316683204
16531,px4,OFFBOARD_ATTITUDE,20260411_021315_px4_attitude_alternating_pulse_train_throttle_r1,1.5796725411547081,1.5671760186226031,0.012576580283331295
16532,px4,OFFBOARD_ATTITUDE,20260411_021315_px4_attitude_alternating_pulse_train_throttle_r1,1.5797413057231127,1.567182031635071,0.012674812284082414
16533,px4,OFFBOARD_ATTITUDE,20260411_021315_px4_attitude_alternating_pulse_train_throttle_r1,1.579691786182949,1.5671892534217151,0.012561788342311461
16534,px4,OFFBOARD_ATTITUDE,20260411_021315_px4_attitude_alternating_pulse_train_throttle_r1,1.5796688765559046,1.56720345249035,0.012539550171909003
16535,px4,OFFBOARD_ATTITUDE,20260411_021315_px4_attitude_alternating_pulse_train_throttle_r1,1.5796812498958104,1.5672147537033931,0.012573343032038583
16536,px4,OFFBOARD_ATTITUDE,20260411_021315_px4_attitude_alternating_pulse_train_throttle_r1,1.5796748988257718,1.5672193855642387,0.012520179531836222
16537,px4,OFFBOARD_ATTITUDE,20260411_021315_px4_attitude_alternating_pulse_train_throttle_r1,1.5796820687466113,1.5672932064893716,0.012439527145493104
16538,px4,OFFBOARD_ATTITUDE,20260411_021315_px4_attitude_alternating_pulse_train_throttle_r1,1.579734657885154,1.5673441525137966,0.012453304873670294
16539,px4,OFFBOARD_ATTITUDE,20260411_021315_px4_attitude_alternating_pulse_train_throttle_r1,1.5799756016523367,1.5673941834478187,0.01264915188576073
16540,px4,OFFBOARD_ATTITUDE,20260411_021315_px4_attitude_alternating_pulse_train_throttle_r1,1.5802985621313195,1.5674468525822407,0.012915287643607469
16541,px4,OFFBOARD_ATTITUDE,20260411_021315_px4_attitude_alternating_pulse_train_throttle_r1,1.5805620705406997,1.5676060449185096,0.013032750197925044
16542,px4,OFFBOARD_ATTITUDE,20260411_021315_px4_attitude_alternating_pulse_train_throttle_r1,1.58074053434853,1.5678280625833247,0.012977543128909542
16543,px4,OFFBOARD_ATTITUDE,20260411_021315_px4_attitude_alternating_pulse_train_throttle_r1,1.5809057382027394,1.568063989814935,0.012887319735093654
16544,px4,OFFBOARD_ATTITUDE,20260411_021315_px4_attitude_alternating_pulse_train_throttle_r1,1.5810034771679453,1.5681819021782029,0.012905461605787084
16545,px4,OFFBOARD_ATTITUDE,20260411_021315_px4_attitude_alternating_pulse_train_throttle_r1,1.5810717515185915,1.5682924721710862,0.012842080101296076
16546,px4,OFFBOARD_ATTITUDE,20260411_021315_px4_attitude_alternating_pulse_train_throttle_r1,1.5809282033976328,1.5683640340323384,0.012595542163961805
16547,px4,OFFBOARD_ATTITUDE,20260411_021315_px4_attitude_alternating_pulse_train_throttle_r1,1.5807129938673623,1.568428907433544,0.01231763321912464
16548,px4,OFFBOARD_ATTITUDE,20260411_021315_px4_attitude_alternating_pulse_train_throttle_r1,1.5804430920161967,1.5682624865910861,0.012251555300843167
16549,px4,OFFBOARD_ATTITUDE,20260411_021315_px4_attitude_alternating_pulse_train_throttle_r1,1.5801887673009865,1.5680451416140506,0.01223258446358979
16550,px4,OFFBOARD_ATTITUDE,20260411_021315_px4_attitude_alternating_pulse_train_throttle_r1,1.5799919753046396,1.5677639088017552,0.012263603995960375
16551,px4,OFFBOARD_ATTITUDE,20260411_021315_px4_attitude_alternating_pulse_train_throttle_r1,1.5798116163083948,1.5675159505728489,0.012338052288669946
16552,px4,OFFBOARD_ATTITUDE,20260411_021315_px4_attitude_alternating_pulse_train_throttle_r1,1.5797033732395807,1.5673230799020503,0.012434268518937088
16553,px4,OFFBOARD_ATTITUDE,20260411_021315_px4_attitude_alternating_pulse_train_throttle_r1,1.5795732032009149,1.567136462600209,0.012496792828735505
16554,px4,OFFBOARD_ATTITUDE,20260411_021315_px4_attitude_alternating_pulse_train_throttle_r1,1.579510749495601,1.5670613536917108,0.012495082899767213
16555,px4,OFFBOARD_ATTITUDE,20260411_021315_px4_attitude_alternating_pulse_train_throttle_r1,1.5794846176495323,1.566978257097053,0.012537768890600891
16556,px4,OFFBOARD_ATTITUDE,20260411_021315_px4_attitude_alternating_pulse_train_throttle_r1,1.5794749661420198,1.5669619292152202,0.012563869238226555
16557,px4,OFFBOARD_ATTITUDE,20260411_021315_px4_attitude_alternating_pulse_train_throttle_r1,1.5794648365840778,1.56697805113014,0.012551558624451916
16558,px4,OFFBOARD_ATTITUDE,20260411_021315_px4_attitude_alternating_pulse_train_throttle_r1,1.579428316910492,1.567071123854776,0.012413321076524353
16559,px4,OFFBOARD_ATTITUDE,20260411_021315_px4_attitude_alternating_pulse_train_throttle_r1,1.579362553871566,1.5671340176107182,0.01226484179443103
16560,px4,OFFBOARD_ATTITUDE,20260411_021315_px4_attitude_alternating_pulse_train_throttle_r1,1.5792512402448018,1.5671928199137026,0.012091706394990888
16561,px4,OFFBOARD_ATTITUDE,20260411_021315_px4_attitude_alternating_pulse_train_throttle_r1,1.5790197630451948,1.5671939185761374,0.011879700816367142
16562,px4,OFFBOARD_ATTITUDE,20260411_021315_px4_attitude_alternating_pulse_train_throttle_r1,1.5788132021140098,1.5671323163643025,0.011730899743930798
16563,px4,OFFBOARD_ATTITUDE,20260411_021315_px4_attitude_alternating_pulse_train_throttle_r1,1.5786333563829746,1.5669714593089912,0.011749784011849177
16564,px4,OFFBOARD_ATTITUDE,20260411_021315_px4_attitude_alternating_pulse_train_throttle_r1,1.578409957035571,1.566786382514358,0.011681053940092438
16565,px4,OFFBOARD_ATTITUDE,20260411_021315_px4_attitude_alternating_pulse_train_throttle_r1,1.5782084691933396,1.5666247450078354,0.011627865831230617
16566,px4,OFFBOARD_ATTITUDE,20260411_021315_px4_attitude_alternating_pulse_train_throttle_r1,1.5780824256061632,1.566495191080895,0.011620776547591036
16567,px4,OFFBOARD_ATTITUDE,20260411_021315_px4_attitude_alternating_pulse_train_throttle_r1,1.5778715967250514,1.5663742596360328,0.011571753651946664
16568,px4,OFFBOARD_ATTITUDE,20260411_021315_px4_attitude_alternating_pulse_train_throttle_r1,1.5776772304544013,1.566313596093162,0.01144889262626914
16569,px4,OFFBOARD_ATTITUDE,20260411_021315_px4_attitude_alternating_pulse_train_throttle_r1,1.577483472003855,1.566181769392199,0.01135656882124318
16570,px4,OFFBOARD_ATTITUDE,20260411_021315_px4_attitude_alternating_pulse_train_throttle_r1,1.5773949156115066,1.5660576571269347,0.01139639842148841
16571,px4,OFFBOARD_ATTITUDE,20260411_021315_px4_attitude_alternating_pulse_train_throttle_r1,1.577348769808046,1.5659351064503335,0.011506052463950842
16572,px4,OFFBOARD_ATTITUDE,20260411_021315_px4_attitude_alternating_pulse_train_throttle_r1,1.5774052023074134,1.5658925908478512,0.011587138705941514
16573,px4,OFFBOARD_ATTITUDE,20260411_021315_px4_attitude_alternating_pulse_train_throttle_r1,1.57747302417052,1.5659001388041263,0.011648444631373373
16574,px4,OFFBOARD_ATTITUDE,20260411_021315_px4_attitude_alternating_pulse_train_throttle_r1,1.5776356086281003,1.5659095832986398,0.011837117700838663
16575,px4,OFFBOARD_ATTITUDE,20260411_021315_px4_attitude_alternating_pulse_train_throttle_r1,1.5777900643773914,1.5659292545502188,0.011918347393798509
16576,px4,OFFBOARD_ATTITUDE,20260411_021315_px4_attitude_alternating_pulse_train_throttle_r1,1.5779797955588808,1.566032885857576,0.01200439437940973
16577,px4,OFFBOARD_ATTITUDE,20260411_021315_px4_attitude_alternating_pulse_train_throttle_r1,1.578049475915513,1.5661734787408792,0.011950431476476122
16578,px4,OFFBOARD_ATTITUDE,20260411_021315_px4_attitude_alternating_pulse_train_throttle_r1,1.5780579380926967,1.5663410375564175,0.011789116520233667
16579,px4,OFFBOARD_ATTITUDE,20260411_021315_px4_attitude_alternating_pulse_train_throttle_r1,1.5780141165473776,1.5664040800215597,0.011671842896520427
16580,px4,OFFBOARD_ATTITUDE,20260411_021315_px4_attitude_alternating_pulse_train_throttle_r1,1.5779667532681758,1.566434398123754,0.011569091823355256
16581,px4,OFFBOARD_ATTITUDE,20260411_021315_px4_attitude_alternating_pulse_train_throttle_r1,1.5778676826289915,1.566414122710397,0.011522170526172937
16582,px4,OFFBOARD_ATTITUDE,20260411_021315_px4_attitude_alternating_pulse_train_throttle_r1,1.577781913200613,1.566369070124922,0.01149767569596462
16583,px4,OFFBOARD_ATTITUDE,20260411_021315_px4_attitude_alternating_pulse_train_throttle_r1,1.5777318969463496,1.5662983981041838,0.011497203476202223
16584,px4,OFFBOARD_ATTITUDE,20260411_021315_px4_attitude_alternating_pulse_train_throttle_r1,1.5777001731207967,1.5662196742937637,0.011549156595304633
16585,px4,OFFBOARD_ATTITUDE,20260411_021315_px4_attitude_alternating_pulse_train_throttle_r1,1.5776162331561916,1.5661506747139604,0.011543514824406693
16586,px4,OFFBOARD_ATTITUDE,20260411_021315_px4_attitude_alternating_pulse_train_throttle_r1,1.577476261736186,1.5659748123389376,0.011558541768617224
16587,px4,OFFBOARD_ATTITUDE,20260411_021315_px4_attitude_alternating_pulse_train_throttle_r1,1.577247550518514,1.5658361144047768,0.011459130846675008
16588,px4,OFFBOARD_ATTITUDE,20260411_021315_px4_attitude_alternating_pulse_train_throttle_r1,1.5771351839981647,1.5656213049275378,0.011594053824226668
16589,px4,OFFBOARD_ATTITUDE,20260411_021315_px4_attitude_alternating_pulse_train_throttle_r1,1.576954948642482,1.5653046590594397,0.01169609888061887
16590,px4,OFFBOARD_ATTITUDE,20260411_021315_px4_attitude_alternating_pulse_train_throttle_r1,1.576700045709925,1.5651286295236873,0.013449545189392181
16591,px4,OFFBOARD_ATTITUDE,20260411_021315_px4_attitude_alternating_pulse_train_throttle_r1,1.57668758208126,1.5649161694602347,0.01910549815336878
16592,px4,OFFBOARD_ATTITUDE,20260411_021315_px4_attitude_alternating_pulse_train_throttle_r1,1.5768411334573793,1.5645898548700563,0.023517700901517384
16593,px4,OFFBOARD_ATTITUDE,20260411_021315_px4_attitude_alternating_pulse_train_throttle_r1,1.5770696842501086,1.5647517797230817,0.022059836967759625
16594,px4,OFFBOARD_ATTITUDE,20260411_021315_px4_attitude_alternating_pulse_train_throttle_r1,1.5773275615666869,1.5649929275979961,0.01756615598419144
16595,px4,OFFBOARD_ATTITUDE,20260411_021315_px4_attitude_alternating_pulse_train_throttle_r1,1.5774703938976522,1.5663511583356773,0.013118778306944964
16596,px4,OFFBOARD_ATTITUDE,20260411_021315_px4_attitude_alternating_pulse_train_throttle_r1,1.5775902621000772,1.5680182362922033,0.009925733939896497
16597,px4,OFFBOARD_ATTITUDE,20260411_021315_px4_attitude_alternating_pulse_train_throttle_r1,1.5777379470858142,1.5694357711568647,0.009073527394072833
16598,px4,OFFBOARD_ATTITUDE,20260411_021315_px4_attitude_alternating_pulse_train_throttle_r1,1.577815932606091,1.5708472872366566,0.0084174609423491
16599,px4,OFFBOARD_ATTITUDE,20260411_021315_px4_attitude_alternating_pulse_train_throttle_r1,1.5779712044653478,1.5726809035940426,0.007570868745565507
16600,px4,OFFBOARD_ATTITUDE,20260411_021315_px4_attitude_alternating_pulse_train_throttle_r1,1.5780805381968763,1.5737907352387464,0.008082147873037198
16601,px4,OFFBOARD_ATTITUDE,20260411_021315_px4_attitude_alternating_pulse_train_throttle_r1,1.578151310389006,1.5747823567279815,0.007632189590361735
16602,px4,OFFBOARD_ATTITUDE,20260411_021315_px4_attitude_alternating_pulse_train_throttle_r1,1.5782898971069006,1.575635765351764,0.005641708363655778
16603,px4,OFFBOARD_ATTITUDE,20260411_021315_px4_attitude_alternating_pulse_train_throttle_r1,1.5786398761587896,1.5763305197410555,0.00441799240077167
16604,px4,OFFBOARD_ATTITUDE,20260411_021315_px4_attitude_alternating_pulse_train_throttle_r1,1.5791457314564745,1.5767104127430556,0.005263766454740857
16605,px4,OFFBOARD_ATTITUDE,20260411_021315_px4_attitude_alternating_pulse_train_throttle_r1,1.579902973822685,1.5773118102773647,0.005839204031241277
16606,px4,OFFBOARD_ATTITUDE,20260411_021315_px4_attitude_alternating_pulse_train_throttle_r1,1.5808396308537829,1.5780356837458596,0.005695538929573364
16607,px4,OFFBOARD_ATTITUDE,20260411_021315_px4_attitude_alternating_pulse_train_throttle_r1,1.5816492370309052,1.5789577474754806,0.0056363061714907355
16608,px4,OFFBOARD_ATTITUDE,20260411_021315_px4_attitude_alternating_pulse_train_throttle_r1,1.5829569735901505,1.579904271090438,0.0065449944732519265
16609,px4,OFFBOARD_ATTITUDE,20260411_021315_px4_attitude_alternating_pulse_train_throttle_r1,1.5842753564236602,1.580890600873035,0.006949086673656989
16610,px4,OFFBOARD_ATTITUDE,20260411_021315_px4_attitude_alternating_pulse_train_throttle_r1,1.585489114625941,1.5821773074752163,0.006505361164543823
16611,px4,OFFBOARD_ATTITUDE,20260411_021315_px4_attitude_alternating_pulse_train_throttle_r1,1.5864336941725752,1.5835984430287535,0.006177933868151983
16612,px4,OFFBOARD_ATTITUDE,20260411_021315_px4_attitude_alternating_pulse_train_throttle_r1,1.5875799220897704,1.584957203074092,0.006592803169076199
16613,px4,OFFBOARD_ATTITUDE,20260411_021315_px4_attitude_alternating_pulse_train_throttle_r1,1.5884783316987727,1.5859614856806752,0.007014236023195028
16614,px4,OFFBOARD_ATTITUDE,20260411_021315_px4_attitude_alternating_pulse_train_throttle_r1,1.5896236386407938,1.587029237621776,0.006796227993377556
16615,px4,OFFBOARD_ATTITUDE,20260411_021315_px4_attitude_alternating_pulse_train_throttle_r1,1.5905498525618595,1.5879780424533,0.007058038161906684
16616,px4,OFFBOARD_ATTITUDE,20260411_021315_px4_attitude_alternating_pulse_train_throttle_r1,1.591270125378981,1.5890177786636965,0.007288566331976329
16617,px4,OFFBOARD_ATTITUDE,20260411_021315_px4_attitude_alternating_pulse_train_throttle_r1,1.591800505249771,1.5898767538237475,0.007589507995128835
16618,px4,OFFBOARD_ATTITUDE,20260411_021315_px4_attitude_alternating_pulse_train_throttle_r1,1.5921993512500014,1.5903465179335685,0.007487764488938097
16619,px4,OFFBOARD_ATTITUDE,20260411_021315_px4_attitude_alternating_pulse_train_throttle_r1,1.5921416373259136,1.590683850654655,0.007366413598097342
16620,px4,OFFBOARD_ATTITUDE,20260411_021315_px4_attitude_alternating_pulse_train_throttle_r1,1.5917457634968417,1.5909253467733047,0.007378061908393229
16621,px4,OFFBOARD_ATTITUDE,20260411_021315_px4_attitude_alternating_pulse_train_throttle_r1,1.5910819477928282,1.5906490751695759,0.006874202995669587
16622,px4,OFFBOARD_ATTITUDE,20260411_021315_px4_attitude_alternating_pulse_train_throttle_r1,1.5898625290995776,1.5900156269232244,0.006450138433889363
16623,px4,OFFBOARD_ATTITUDE,20260411_021315_px4_attitude_alternating_pulse_train_throttle_r1,1.5884874490877878,1.5891647916567309,0.0062879575233919845
16624,px4,OFFBOARD_ATTITUDE,20260411_021315_px4_attitude_alternating_pulse_train_throttle_r1,1.5868176384105692,1.5877013927401789,0.006022588378839842
16625,px4,OFFBOARD_ATTITUDE,20260411_021315_px4_attitude_alternating_pulse_train_throttle_r1,1.5853538485605603,1.5862521654013917,0.005806413858622383
16626,px4,OFFBOARD_ATTITUDE,20260411_021315_px4_attitude_alternating_pulse_train_throttle_r1,1.5836296484984491,1.5846606817074165,0.005835419520440482
16627,px4,OFFBOARD_ATTITUDE,20260411_021315_px4_attitude_alternating_pulse_train_throttle_r1,1.5822579078765835,1.5828755224202737,0.00585562154777733
16628,px4,OFFBOARD_ATTITUDE,20260411_021315_px4_attitude_alternating_pulse_train_throttle_r1,1.581270810850371,1.580866093098464,0.005250940439091467
16629,px4,OFFBOARD_ATTITUDE,20260411_021315_px4_attitude_alternating_pulse_train_throttle_r1,1.5805137004664147,1.5795610361663595,0.005518033248584533
16630,px4,OFFBOARD_ATTITUDE,20260411_021315_px4_attitude_alternating_pulse_train_throttle_r1,1.5797335316450165,1.5783882816429022,0.005598432671469707
16631,px4,OFFBOARD_ATTITUDE,20260411_021315_px4_attitude_alternating_pulse_train_throttle_r1,1.5792752964047712,1.577532239005927,0.005736935126326089
16632,px4,OFFBOARD_ATTITUDE,20260411_021315_px4_attitude_alternating_pulse_train_throttle_r1,1.5788309994962109,1.576697662607758,0.006261876811068783
16633,px4,OFFBOARD_ATTITUDE,20260411_021315_px4_attitude_alternating_pulse_train_throttle_r1,1.5785196187419122,1.5762234062481568,0.006584133075514985
16634,px4,OFFBOARD_ATTITUDE,20260411_021315_px4_attitude_alternating_pulse_train_throttle_r1,1.578264595532139,1.5759163828619422,0.0070183000660813686
16635,px4,OFFBOARD_ATTITUDE,20260411_021315_px4_attitude_alternating_pulse_train_throttle_r1,1.5781812172004221,1.575553105644715,0.006839819877969759
16636,px4,OFFBOARD_ATTITUDE,20260411_021315_px4_attitude_alternating_pulse_train_throttle_r1,1.578008153992704,1.5753309583751691,0.006429014057604663
16637,px4,OFFBOARD_ATTITUDE,20260411_021315_px4_attitude_alternating_pulse_train_throttle_r1,1.5779299813444665,1.575195955093233,0.006489296157321817
16638,px4,OFFBOARD_ATTITUDE,20260411_021315_px4_attitude_alternating_pulse_train_throttle_r1,1.5778121579813333,1.5750109197656716,0.006528899957666456
16639,px4,OFFBOARD_ATTITUDE,20260411_021315_px4_attitude_alternating_pulse_train_throttle_r1,1.5775566521814408,1.5748655116905563,0.005904891718988304
16640,px4,OFFBOARD_ATTITUDE,20260411_021315_px4_attitude_alternating_pulse_train_throttle_r1,1.5773401841709305,1.5745772916793992,0.005788066772881439
16641,px4,OFFBOARD_ATTITUDE,20260411_021315_px4_attitude_alternating_pulse_train_throttle_r1,1.5770760428648525,1.5741059191926425,0.005998490349900649
16642,px4,OFFBOARD_ATTITUDE,20260411_021315_px4_attitude_alternating_pulse_train_throttle_r1,1.5770226644128176,1.5736768792808988,0.006150599865234459
16643,px4,OFFBOARD_ATTITUDE,20260411_021315_px4_attitude_alternating_pulse_train_throttle_r1,1.576983843065588,1.5731455452432799,0.006463079447025022
16644,px4,OFFBOARD_ATTITUDE,20260411_021315_px4_attitude_alternating_pulse_train_throttle_r1,1.5769361058004023,1.5729058351245127,0.006578578762926456
16645,px4,OFFBOARD_ATTITUDE,20260411_021315_px4_attitude_alternating_pulse_train_throttle_r1,1.5767614334503548,1.5726097936907317,0.006552123012296026
16646,px4,OFFBOARD_ATTITUDE,20260411_021315_px4_attitude_alternating_pulse_train_throttle_r1,1.576667564851246,1.5723115035827364,0.006614455633673133
16647,px4,OFFBOARD_ATTITUDE,20260411_021315_px4_attitude_alternating_pulse_train_throttle_r1,1.5765678778040815,1.571818556417788,0.006779736551103771
16648,px4,OFFBOARD_ATTITUDE,20260411_021315_px4_attitude_alternating_pulse_train_throttle_r1,1.576353900496564,1.5715080282448888,0.006897443838308364
16649,px4,OFFBOARD_ATTITUDE,20260411_021315_px4_attitude_alternating_pulse_train_throttle_r1,1.5761243502171702,1.5711438590751265,0.0068747599422783945
16650,px4,OFFBOARD_ATTITUDE,20260411_021315_px4_attitude_alternating_pulse_train_throttle_r1,1.576021992961904,1.5707371493404918,0.007205564727874447
16651,px4,OFFBOARD_ATTITUDE,20260411_021315_px4_attitude_alternating_pulse_train_throttle_r1,1.576021164893477,1.5702164076298453,0.00789784541386997
16652,px4,OFFBOARD_ATTITUDE,20260411_021315_px4_attitude_alternating_pulse_train_throttle_r1,1.5760803311064402,1.5697500474490798,0.007904048689968642
16653,px4,OFFBOARD_ATTITUDE,20260411_021315_px4_attitude_alternating_pulse_train_throttle_r1,1.5764060248590925,1.569399573362891,0.008387922687444349
16654,px4,OFFBOARD_ATTITUDE,20260411_021315_px4_attitude_alternating_pulse_train_throttle_r1,1.577075130071233,1.5691851347253367,0.009494818153283544
16655,px4,OFFBOARD_ATTITUDE,20260411_021315_px4_attitude_alternating_pulse_train_throttle_r1,1.5779451205295003,1.5690908380815087,0.010659086960277689
16656,px4,OFFBOARD_ATTITUDE,20260411_021315_px4_attitude_alternating_pulse_train_throttle_r1,1.578280291455961,1.5693144893827415,0.010833983416883786
16657,px4,OFFBOARD_ATTITUDE,20260411_021315_px4_attitude_alternating_pulse_train_throttle_r1,1.5786020259954237,1.5696098013776683,0.010585233173999335
16658,px4,OFFBOARD_ATTITUDE,20260411_021315_px4_attitude_alternating_pulse_train_throttle_r1,1.5789155357074525,1.5695955928724374,0.010752267663956542
16659,px4,OFFBOARD_ATTITUDE,20260411_021315_px4_attitude_alternating_pulse_train_throttle_r1,1.5797447318527635,1.5696188935825277,0.011757495695946314
16660,px4,OFFBOARD_ATTITUDE,20260411_021315_px4_attitude_alternating_pulse_train_throttle_r1,1.5803299939495137,1.5696404657614553,0.012349860160316766
16661,px4,OFFBOARD_ATTITUDE,20260411_021315_px4_attitude_alternating_pulse_train_throttle_r1,1.5810706298319188,1.5698667830391688,0.012540014912834874
16662,px4,OFFBOARD_ATTITUDE,20260411_021315_px4_attitude_alternating_pulse_train_throttle_r1,1.5814854397081635,1.5701301727761472,0.012485031960358653
16663,px4,OFFBOARD_ATTITUDE,20260411_021315_px4_attitude_alternating_pulse_train_throttle_r1,1.5821403172649255,1.570484365965655,0.01271690943722691
16664,px4,OFFBOARD_ATTITUDE,20260411_021315_px4_attitude_alternating_pulse_train_throttle_r1,1.5824327716235662,1.5706660387946345,0.012775893677435061
16665,px4,OFFBOARD_ATTITUDE,20260411_021315_px4_attitude_alternating_pulse_train_throttle_r1,1.582866421128129,1.57095524743853,0.012867921472009311
16666,px4,OFFBOARD_ATTITUDE,20260411_021315_px4_attitude_alternating_pulse_train_throttle_r1,1.5830790945020337,1.5710823812579418,0.012981290378531825
16667,px4,OFFBOARD_ATTITUDE,20260411_021315_px4_attitude_alternating_pulse_train_throttle_r1,1.58335701620139,1.571213964508306,0.01296897103632678
16668,px4,OFFBOARD_ATTITUDE,20260411_021315_px4_attitude_alternating_pulse_train_throttle_r1,1.5834543485574255,1.571273863582426,0.012959934210145706
16669,px4,OFFBOARD_ATTITUDE,20260411_021315_px4_attitude_alternating_pulse_train_throttle_r1,1.5833921088880691,1.5713555545338198,0.012759094089121901
16670,px4,OFFBOARD_ATTITUDE,20260411_021315_px4_attitude_alternating_pulse_train_throttle_r1,1.5832770186471337,1.571341524671924,0.012686278348930517
16671,px4,OFFBOARD_ATTITUDE,20260411_021315_px4_attitude_alternating_pulse_train_throttle_r1,1.5830747207837352,1.5712168360300336,0.01269298352453092
16672,px4,OFFBOARD_ATTITUDE,20260411_021315_px4_attitude_alternating_pulse_train_throttle_r1,1.5827537319832359,1.5711140537689199,0.012540941913748065
16673,px4,OFFBOARD_ATTITUDE,20260411_021315_px4_attitude_alternating_pulse_train_throttle_r1,1.5822070817750753,1.5709816732191533,0.0120954387400179
16674,px4,OFFBOARD_ATTITUDE,20260411_021315_px4_attitude_alternating_pulse_train_throttle_r1,1.5816827034482819,1.5707176043969455,0.011851944497606686
16675,px4,OFFBOARD_ATTITUDE,20260411_021315_px4_attitude_alternating_pulse_train_throttle_r1,1.5812689550098362,1.570312045240281,0.011860712573224099
16676,px4,OFFBOARD_ATTITUDE,20260411_021315_px4_attitude_alternating_pulse_train_throttle_r1,1.5809419652389505,1.5699320539469614,0.011959103247456812
16677,px4,OFFBOARD_ATTITUDE,20260411_021315_px4_attitude_alternating_pulse_train_throttle_r1,1.5805888703204263,1.5697094098659992,0.01184368050097684
16678,px4,OFFBOARD_ATTITUDE,20260411_021315_px4_attitude_alternating_pulse_train_throttle_r1,1.5803088386989885,1.5694732943706071,0.011744283914949943
16679,px4,OFFBOARD_ATTITUDE,20260411_021315_px4_attitude_alternating_pulse_train_throttle_r1,1.580410976298527,1.5691889764809144,0.012146662439371052
16680,px4,OFFBOARD_ATTITUDE,20260411_021315_px4_attitude_alternating_pulse_train_throttle_r1,1.5808619390271432,1.5691044988718865,0.012771561053289101
16681,px4,OFFBOARD_ATTITUDE,20260411_021315_px4_attitude_alternating_pulse_train_throttle_r1,1.5812420123370987,1.5692450330915786,0.012772794778776459
16682,px4,OFFBOARD_ATTITUDE,20260411_021315_px4_attitude_alternating_pulse_train_throttle_r1,1.5816769106076018,1.5698355512361246,0.012556855156610073
16683,px4,OFFBOARD_ATTITUDE,20260411_021315_px4_attitude_alternating_pulse_train_throttle_r1,1.5821662386218138,1.5703999182694675,0.012483536373260091
16684,px4,OFFBOARD_ATTITUDE,20260411_021315_px4_attitude_alternating_pulse_train_throttle_r1,1.5825167028778133,1.5709010515377044,0.012191268898501363
16685,px4,OFFBOARD_ATTITUDE,20260411_021315_px4_attitude_alternating_pulse_train_throttle_r1,1.5826805234315875,1.5714692638534067,0.011840561524494924
16686,px4,OFFBOARD_ATTITUDE,20260411_021315_px4_attitude_alternating_pulse_train_throttle_r1,1.582915269632249,1.5719014136591425,0.011633559333891675
16687,px4,OFFBOARD_ATTITUDE,20260411_021315_px4_attitude_alternating_pulse_train_throttle_r1,1.5829851442413527,1.572125177554812,0.01149395945265303
16688,px4,OFFBOARD_ATTITUDE,20260411_021315_px4_attitude_alternating_pulse_train_throttle_r1,1.5827767936263628,1.5724695381372091,0.010914876950007145
16689,px4,OFFBOARD_ATTITUDE,20260411_021315_px4_attitude_alternating_pulse_train_throttle_r1,1.5825481044215965,1.5725808591355879,0.01048743636637192
16690,px4,OFFBOARD_ATTITUDE,20260411_021315_px4_attitude_alternating_pulse_train_throttle_r1,1.58163339171219,1.5723709075971917,0.00978126319893818
16691,px4,OFFBOARD_ATTITUDE,20260411_021315_px4_attitude_alternating_pulse_train_throttle_r1,1.581095826387243,1.5721056056198137,0.00954631575367844
16692,px4,OFFBOARD_ATTITUDE,20260411_021315_px4_attitude_alternating_pulse_train_throttle_r1,1.5805033197400924,1.5711801566497088,0.009948335425654528
16693,px4,OFFBOARD_ATTITUDE,20260411_021315_px4_attitude_alternating_pulse_train_throttle_r1,1.5799287593491673,1.5704591100692902,0.010130500089668993
16694,px4,OFFBOARD_ATTITUDE,20260411_021315_px4_attitude_alternating_pulse_train_throttle_r1,1.579041704860649,1.5699360407485854,0.00985381591343992
16695,px4,OFFBOARD_ATTITUDE,20260411_021315_px4_attitude_alternating_pulse_train_throttle_r1,1.5783149843538085,1.5693798212758037,0.009780323089813261
16696,px4,OFFBOARD_ATTITUDE,20260411_021315_px4_attitude_alternating_pulse_train_throttle_r1,1.577930662795994,1.5686495773423006,0.010154768647745052
16697,px4,OFFBOARD_ATTITUDE,20260411_021315_px4_attitude_alternating_pulse_train_throttle_r1,1.5774883329542948,1.568027829681729,0.01027402734107791
16698,px4,OFFBOARD_ATTITUDE,20260411_021315_px4_attitude_alternating_pulse_train_throttle_r1,1.5774130171598557,1.5677626391857147,0.01036312972638702
16699,px4,OFFBOARD_ATTITUDE,20260411_021315_px4_attitude_alternating_pulse_train_throttle_r1,1.5775013370450595,1.567439796293757,0.010736031989247025
16700,px4,OFFBOARD_ATTITUDE,20260411_021315_px4_attitude_alternating_pulse_train_throttle_r1,1.5777747079501767,1.567424057256701,0.010933686372902582
16701,px4,OFFBOARD_ATTITUDE,20260411_021315_px4_attitude_alternating_pulse_train_throttle_r1,1.578473142813985,1.5675773645542967,0.01139851584979459
16702,px4,OFFBOARD_ATTITUDE,20260411_021315_px4_attitude_alternating_pulse_train_throttle_r1,1.57906688586089,1.5679763798152277,0.011516608352751022
16703,px4,OFFBOARD_ATTITUDE,20260411_021315_px4_attitude_alternating_pulse_train_throttle_r1,1.5795792003812648,1.5687015377655034,0.01131542320703452
16704,px4,OFFBOARD_ATTITUDE,20260411_021315_px4_attitude_alternating_pulse_train_throttle_r1,1.5799579507202808,1.5692777056417304,0.010982062963294582
16705,px4,OFFBOARD_ATTITUDE,20260411_021315_px4_attitude_alternating_pulse_train_throttle_r1,1.5802166103567845,1.5697457489913502,0.0107186253377011
16706,px4,OFFBOARD_ATTITUDE,20260411_021315_px4_attitude_alternating_pulse_train_throttle_r1,1.5803519573032698,1.5699770089343852,0.010670233316970772
16707,px4,OFFBOARD_ATTITUDE,20260411_021315_px4_attitude_alternating_pulse_train_throttle_r1,1.5802519626883291,1.5701108905029046,0.01045890144044522
16708,px4,OFFBOARD_ATTITUDE,20260411_021315_px4_attitude_alternating_pulse_train_throttle_r1,1.5801097367885344,1.5701231995248563,0.010246309740376493
16709,px4,OFFBOARD_ATTITUDE,20260411_021315_px4_attitude_alternating_pulse_train_throttle_r1,1.5799006422365196,1.5699148036223387,0.010279349765185916
16710,px4,OFFBOARD_ATTITUDE,20260411_021315_px4_attitude_alternating_pulse_train_throttle_r1,1.5796285661237723,1.5697034675067236,0.010218477521711636
16711,px4,OFFBOARD_ATTITUDE,20260411_021315_px4_attitude_alternating_pulse_train_throttle_r1,1.5793909710256717,1.5694353367453513,0.010233063162645198
16712,px4,OFFBOARD_ATTITUDE,20260411_021315_px4_attitude_alternating_pulse_train_throttle_r1,1.5791085666071543,1.5691349075861447,0.010326796126303798
16713,px4,OFFBOARD_ATTITUDE,20260411_021315_px4_attitude_alternating_pulse_train_throttle_r1,1.5787358013661428,1.5688496168506816,0.010353245328745795
16714,px4,OFFBOARD_ATTITUDE,20260411_021315_px4_attitude_alternating_pulse_train_throttle_r1,1.5784739721632788,1.5684214821156637,0.01052206427522943
16715,px4,OFFBOARD_ATTITUDE,20260411_021315_px4_attitude_alternating_pulse_train_throttle_r1,1.5780991016882855,1.5678256781121354,0.010625404183274841
16716,px4,OFFBOARD_ATTITUDE,20260411_021315_px4_attitude_alternating_pulse_train_throttle_r1,1.5777265878368971,1.5674194452041366,0.01058939111895342
16717,px4,OFFBOARD_ATTITUDE,20260411_021315_px4_attitude_alternating_pulse_train_throttle_r1,1.577407438165961,1.5668798653150142,0.01077256613871335
16718,px4,OFFBOARD_ATTITUDE,20260411_021315_px4_attitude_alternating_pulse_train_throttle_r1,1.5769466827445382,1.5663311666819184,0.0108347008317967
16719,px4,OFFBOARD_ATTITUDE,20260411_021315_px4_attitude_alternating_pulse_train_throttle_r1,1.5767168300335535,1.5658791204659492,0.011075599948291576
16720,px4,OFFBOARD_ATTITUDE,20260411_021315_px4_attitude_alternating_pulse_train_throttle_r1,1.5765045430422235,1.56530407534309,0.01142428817661165
16721,px4,OFFBOARD_ATTITUDE,20260411_021315_px4_attitude_alternating_pulse_train_throttle_r1,1.5761990949410662,1.5649271397624724,0.011433707917976639
16722,px4,OFFBOARD_ATTITUDE,20260411_021315_px4_attitude_alternating_pulse_train_throttle_r1,1.5760663480042392,1.5646137089814178,0.011596915608008478
16723,px4,OFFBOARD_ATTITUDE,20260411_021315_px4_attitude_alternating_pulse_train_throttle_r1,1.5759662981521068,1.5641759061366889,0.011953763847881015
16724,px4,OFFBOARD_ATTITUDE,20260411_021315_px4_attitude_alternating_pulse_train_throttle_r1,1.5759059766842176,1.5638849957664438,0.012165251573411712
16725,px4,OFFBOARD_ATTITUDE,20260411_021315_px4_attitude_alternating_pulse_train_throttle_r1,1.575886074613471,1.5636057080593917,0.012430084967965209
16726,px4,OFFBOARD_ATTITUDE,20260411_021315_px4_attitude_alternating_pulse_train_throttle_r1,1.5759576948667777,1.5634171162081705,0.012641349194318469
16727,px4,OFFBOARD_ATTITUDE,20260411_021315_px4_attitude_alternating_pulse_train_throttle_r1,1.576224912115807,1.5632392567704698,0.013058107922706287
16728,px4,OFFBOARD_ATTITUDE,20260411_021315_px4_attitude_alternating_pulse_train_throttle_r1,1.5765006999882023,1.5631771159761245,0.01341761914194688
16729,px4,OFFBOARD_ATTITUDE,20260411_021315_px4_attitude_alternating_pulse_train_throttle_r1,1.5766572074489693,1.5633153136170552,0.013407631684131104
16730,px4,OFFBOARD_ATTITUDE,20260411_021315_px4_attitude_alternating_pulse_train_throttle_r1,1.5768040423338632,1.5634645740900979,0.013442552264974985
16731,px4,OFFBOARD_ATTITUDE,20260411_021315_px4_attitude_alternating_pulse_train_throttle_r1,1.577029806079904,1.563453456651988,0.013673026896573456
16732,px4,OFFBOARD_ATTITUDE,20260411_021315_px4_attitude_alternating_pulse_train_throttle_r1,1.5772742189848932,1.5634794508237906,0.013880546597355686
16733,px4,OFFBOARD_ATTITUDE,20260411_021315_px4_attitude_alternating_pulse_train_throttle_r1,1.5772200081000938,1.5635924049795913,0.013684671153238775
16734,px4,OFFBOARD_ATTITUDE,20260411_021315_px4_attitude_alternating_pulse_train_throttle_r1,1.5771013324246905,1.563711053232222,0.013456759381768107
16735,px4,OFFBOARD_ATTITUDE,20260411_021315_px4_attitude_alternating_pulse_train_throttle_r1,1.5756100395346497,1.5628313231332713,0.01395841539376921
16736,px4,OFFBOARD_ATTITUDE,20260411_021315_px4_attitude_alternating_pulse_train_throttle_r1,1.5731698297512127,1.562783959716653,0.06803605236074825
16737,px4,OFFBOARD_ATTITUDE,20260411_021315_px4_attitude_alternating_pulse_train_throttle_r1,1.570329334716127,1.5612724648714447,0.20684124668209813
16738,px4,OFFBOARD_ATTITUDE,20260411_021315_px4_attitude_alternating_pulse_train_throttle_r1,1.547557422876268,1.5594768682465432,0.17193590865592343
16739,px4,OFFBOARD_ATTITUDE,20260411_021315_px4_attitude_alternating_pulse_train_throttle_r1,1.512773924191166,1.5519317974075921,0.09707233077002882
16740,px4,OFFBOARD_ATTITUDE,20260411_021315_px4_attitude_alternating_pulse_train_throttle_r1,1.4651768550266935,1.5272072781665895,0.12927449874589547
16741,px4,OFFBOARD_ATTITUDE,20260411_021315_px4_attitude_alternating_pulse_train_throttle_r1,1.3973349062859342,1.494096635746527,0.16375879108571914
16742,px4,OFFBOARD_ATTITUDE,20260411_021315_px4_attitude_alternating_pulse_train_throttle_r1,1.325029665974889,1.445220099410251,0.16490964232237568
16743,px4,OFFBOARD_ATTITUDE,20260411_021315_px4_attitude_alternating_pulse_train_throttle_r1,1.2345532944287094,1.3701713087149594,0.16606068324497636
16744,px4,OFFBOARD_ATTITUDE,20260411_021315_px4_attitude_alternating_pulse_train_throttle_r1,1.1480726292312977,1.2937564078549237,0.16749963745442037
16745,px4,OFFBOARD_ATTITUDE,20260411_021315_px4_attitude_alternating_pulse_train_throttle_r1,1.053285441000281,1.2050734702364132,0.16720418817558516
16746,px4,OFFBOARD_ATTITUDE,20260411_021315_px4_attitude_alternating_pulse_train_throttle_r1,0.9712887340112467,1.1127176984446996,0.1527894869186436
16747,px4,OFFBOARD_ATTITUDE,20260411_021315_px4_attitude_alternating_pulse_train_throttle_r1,0.8424553546982628,1.024261668420998,0.18787322660027728
16748,px4,OFFBOARD_ATTITUDE,20260411_021315_px4_attitude_alternating_pulse_train_throttle_r1,0.7409936404006481,0.9380895730469864,0.2009991216368992
16749,px4,OFFBOARD_ATTITUDE,20260411_021315_px4_attitude_alternating_pulse_train_throttle_r1,0.6509762358083617,0.8107915945638529,0.16410396854708512
16750,px4,OFFBOARD_ATTITUDE,20260411_021315_px4_attitude_alternating_pulse_train_throttle_r1,0.5475725817708853,0.7163309149978584,0.17355060107033643
16751,px4,OFFBOARD_ATTITUDE,20260411_021315_px4_attitude_alternating_pulse_train_throttle_r1,0.47367079597429657,0.6154351847199935,0.14670656110632585
16752,px4,OFFBOARD_ATTITUDE,20260411_021315_px4_attitude_alternating_pulse_train_throttle_r1,0.39534702689208634,0.5338666306986903,0.1430201321233842
16753,px4,OFFBOARD_ATTITUDE,20260411_021315_px4_attitude_alternating_pulse_train_throttle_r1,0.31386664144562987,0.44431493278068285,0.1357786365998805
16754,px4,OFFBOARD_ATTITUDE,20260411_021315_px4_attitude_alternating_pulse_train_throttle_r1,0.24553787898863072,0.36202366778933814,0.1217451985096405
16755,px4,OFFBOARD_ATTITUDE,20260411_021315_px4_attitude_alternating_pulse_train_throttle_r1,0.1696464670343635,0.2851265646902299,0.12080939685977155
16756,px4,OFFBOARD_ATTITUDE,20260411_021315_px4_attitude_alternating_pulse_train_throttle_r1,0.11779187247847189,0.21770131563174577,0.10634258806335087
16757,px4,OFFBOARD_ATTITUDE,20260411_021315_px4_attitude_alternating_pulse_train_throttle_r1,0.07841220347477407,0.13629295515185327,0.06726865799350373
16758,px4,OFFBOARD_ATTITUDE,20260411_021315_px4_attitude_alternating_pulse_train_throttle_r1,0.04070839918678707,0.09642707648915626,0.09847188322197407
16759,px4,OFFBOARD_ATTITUDE,20260411_021315_px4_attitude_alternating_pulse_train_throttle_r1,0.06730324633911076,0.05327684628804936,0.09349511250282605
16760,px4,OFFBOARD_ATTITUDE,20260411_021315_px4_attitude_alternating_pulse_train_throttle_r1,0.09259271709026419,0.04370742467676183,0.05548879227726891
16761,px4,OFFBOARD_ATTITUDE,20260411_021315_px4_attitude_alternating_pulse_train_throttle_r1,0.12769491497485339,0.07646199455437189,0.05740340466539903
16762,px4,OFFBOARD_ATTITUDE,20260411_021315_px4_attitude_alternating_pulse_train_throttle_r1,0.15314780718929044,0.10676084539029684,0.054026178467343165
16763,px4,OFFBOARD_ATTITUDE,20260411_021315_px4_attitude_alternating_pulse_train_throttle_r1,0.6527062502348455,0.1384117810216707,0.7820411837181956
16764,px4,OFFBOARD_ATTITUDE,20260411_021315_px4_attitude_alternating_pulse_train_throttle_r1,0.6303345535830458,0.16886258399113188,0.792908058353822
16765,px4,OFFBOARD_ATTITUDE,20260411_021315_px4_attitude_alternating_pulse_train_throttle_r1,0.5850509881878213,0.6406407316249757,0.059398210933323564
16766,px4,OFFBOARD_ATTITUDE,20260411_021315_px4_attitude_alternating_pulse_train_throttle_r1,0.5069267146733208,0.6183216439219087,0.11446995423110827
16767,px4,OFFBOARD_ATTITUDE,20260411_021315_px4_attitude_alternating_pulse_train_throttle_r1,0.4197800784521625,0.5722256963442965,0.15575595971253944
16768,px4,OFFBOARD_ATTITUDE,20260411_021315_px4_attitude_alternating_pulse_train_throttle_r1,0.3221650617915126,0.49187497305521777,0.1731820638316545
16769,px4,OFFBOARD_ATTITUDE,20260411_021315_px4_attitude_alternating_pulse_train_throttle_r1,0.27130855844251134,0.40219896978803044,0.13427546650204877
16770,px4,OFFBOARD_ATTITUDE,20260411_021315_px4_attitude_alternating_pulse_train_throttle_r1,0.1952683476808635,0.3166569399578882,0.1247208908624998
16771,px4,OFFBOARD_ATTITUDE,20260411_021315_px4_attitude_alternating_pulse_train_throttle_r1,0.1334685539032425,0.25034371583906895,0.12142098685549446
16772,px4,OFFBOARD_ATTITUDE,20260411_021315_px4_attitude_alternating_pulse_train_throttle_r1,0.07989985978833238,0.18591527514994807,0.11350339112036394
16773,px4,OFFBOARD_ATTITUDE,20260411_021315_px4_attitude_alternating_pulse_train_throttle_r1,0.034606457590023905,0.11414133144542117,0.0988965048599982
16774,px4,OFFBOARD_ATTITUDE,20260411_021315_px4_attitude_alternating_pulse_train_throttle_r1,0.043418464599840764,0.06258961695507757,0.09588133261837163
16775,px4,OFFBOARD_ATTITUDE,20260411_021315_px4_attitude_alternating_pulse_train_throttle_r1,0.08088708972681444,0.022797457460816378,0.08466788693411799
16776,px4,OFFBOARD_ATTITUDE,20260411_021315_px4_attitude_alternating_pulse_train_throttle_r1,0.10280248479148742,0.05647287871478841,0.0485255158842515
16777,px4,OFFBOARD_ATTITUDE,20260411_021315_px4_attitude_alternating_pulse_train_throttle_r1,0.11908599840436493,0.09331292233100343,0.027141722711850585
16778,px4,OFFBOARD_ATTITUDE,20260411_021315_px4_attitude_alternating_pulse_train_throttle_r1,0.1318615072263395,0.12529641298658856,0.0134339566229474
16779,px4,OFFBOARD_ATTITUDE,20260411_021315_px4_attitude_alternating_pulse_train_throttle_r1,0.1381529819274955,0.1435772724850727,0.016217173277948218
16780,px4,OFFBOARD_ATTITUDE,20260411_021315_px4_attitude_alternating_pulse_train_throttle_r1,0.1418560037791497,0.15758780078793805,0.029560465855229315
16781,px4,OFFBOARD_ATTITUDE,20260411_021315_px4_attitude_alternating_pulse_train_throttle_r1,0.14290586671528785,0.1707464433237934,0.04180627810821292
16782,px4,OFFBOARD_ATTITUDE,20260411_021315_px4_attitude_alternating_pulse_train_throttle_r1,0.14059936285402413,0.17571351963340529,0.048506041018004105
16783,px4,OFFBOARD_ATTITUDE,20260411_021315_px4_attitude_alternating_pulse_train_throttle_r1,0.13330066238252583,0.17649641688779613,0.05331488086258694
16784,px4,OFFBOARD_ATTITUDE,20260411_021315_px4_attitude_alternating_pulse_train_throttle_r1,0.12821666452546782,0.17432485012960613,0.055109009434576334
16785,px4,OFFBOARD_ATTITUDE,20260411_021315_px4_attitude_alternating_pulse_train_throttle_r1,0.11912990986109968,0.1673680603672461,0.056266149742473945
16786,px4,OFFBOARD_ATTITUDE,20260411_021315_px4_attitude_alternating_pulse_train_throttle_r1,0.11159652378014182,0.16171391955940087,0.055798724560050215
16787,px4,OFFBOARD_ATTITUDE,20260411_021315_px4_attitude_alternating_pulse_train_throttle_r1,0.10124857883926767,0.15340559048427682,0.05814428902400103
16788,px4,OFFBOARD_ATTITUDE,20260411_021315_px4_attitude_alternating_pulse_train_throttle_r1,0.09219399256330564,0.1446815128400475,0.05945700200650843
16789,px4,OFFBOARD_ATTITUDE,20260411_021315_px4_attitude_alternating_pulse_train_throttle_r1,0.0818205043891933,0.13402334831966908,0.059129744576385895
16790,px4,OFFBOARD_ATTITUDE,20260411_021315_px4_attitude_alternating_pulse_train_throttle_r1,0.07378984892927716,0.1236018983314591,0.05943096552871956
16791,px4,OFFBOARD_ATTITUDE,20260411_021315_px4_attitude_alternating_pulse_train_throttle_r1,0.06752705314022084,0.1129728706234295,0.06156391772343806
16792,px4,OFFBOARD_ATTITUDE,20260411_021315_px4_attitude_alternating_pulse_train_throttle_r1,0.06255325887443221,0.10259113221389166,0.06470768990817177
16793,px4,OFFBOARD_ATTITUDE,20260411_021315_px4_attitude_alternating_pulse_train_throttle_r1,0.056119180011176745,0.09535434936994686,0.07040300157536035
16794,px4,OFFBOARD_ATTITUDE,20260411_021315_px4_attitude_alternating_pulse_train_throttle_r1,0.058323606009073256,0.09091017539281773,0.07882296833852416
16795,px4,OFFBOARD_ATTITUDE,20260411_021315_px4_attitude_alternating_pulse_train_throttle_r1,0.06045383860151986,0.0806187288727242,0.08112254978168006
16796,px4,OFFBOARD_ATTITUDE,20260411_021315_px4_attitude_alternating_pulse_train_throttle_r1,0.05952331875126712,0.06958216222731846,0.07279377352238184
16797,px4,OFFBOARD_ATTITUDE,20260411_021315_px4_attitude_alternating_pulse_train_throttle_r1,0.05515470446371455,0.06183542964029836,0.06480032516814006
16798,px4,OFFBOARD_ATTITUDE,20260411_021315_px4_attitude_alternating_pulse_train_throttle_r1,0.04898753056807732,0.05547361652534031,0.060402085545751195
16799,px4,OFFBOARD_ATTITUDE,20260411_021315_px4_attitude_alternating_pulse_train_throttle_r1,0.04693477273490966,0.047292553506312326,0.05550382736619302
16800,px4,OFFBOARD_ATTITUDE,20260411_021315_px4_attitude_alternating_pulse_train_throttle_r1,0.051487529565981106,0.03791806651562375,0.051339533802877
16801,px4,OFFBOARD_ATTITUDE,20260411_021315_px4_attitude_alternating_pulse_train_throttle_r1,0.0544414801622519,0.03181431239237267,0.043009237787423646
16802,px4,OFFBOARD_ATTITUDE,20260411_021315_px4_attitude_alternating_pulse_train_throttle_r1,0.05542413126427301,0.03379935453803596,0.036969430238492244
16803,px4,OFFBOARD_ATTITUDE,20260411_021315_px4_attitude_alternating_pulse_train_throttle_r1,0.0557252581666736,0.035323413329493306,0.034387838442680424
16804,px4,OFFBOARD_ATTITUDE,20260411_021315_px4_attitude_alternating_pulse_train_throttle_r1,0.056322384525897815,0.03549731226153247,0.03485075685337714
16805,px4,OFFBOARD_ATTITUDE,20260411_021315_px4_attitude_alternating_pulse_train_throttle_r1,0.057690023578793236,0.03485420869695685,0.034829858746656055
16806,px4,OFFBOARD_ATTITUDE,20260411_021315_px4_attitude_alternating_pulse_train_throttle_r1,0.06099055975113722,0.03503171878863322,0.03676592719270644
16807,px4,OFFBOARD_ATTITUDE,20260411_021315_px4_attitude_alternating_pulse_train_throttle_r1,0.06544181264903048,0.03577728833228095,0.040346527672888266
16808,px4,OFFBOARD_ATTITUDE,20260411_021315_px4_attitude_alternating_pulse_train_throttle_r1,0.06769613613614861,0.03938089007940823,0.042990328538302224
16809,px4,OFFBOARD_ATTITUDE,20260411_021315_px4_attitude_alternating_pulse_train_throttle_r1,0.0697988971872174,0.04441289546818628,0.04757295171944542
16810,px4,OFFBOARD_ATTITUDE,20260411_021315_px4_attitude_alternating_pulse_train_throttle_r1,0.06858063062152843,0.046249196699932243,0.048024290519088346
16811,px4,OFFBOARD_ATTITUDE,20260411_021315_px4_attitude_alternating_pulse_train_throttle_r1,0.06728185228131008,0.046998232019605055,0.04618110615216204
16812,px4,OFFBOARD_ATTITUDE,20260411_021315_px4_attitude_alternating_pulse_train_throttle_r1,0.06586154029335586,0.043194141162669564,0.04031903842910836
16813,px4,OFFBOARD_ATTITUDE,20260411_021315_px4_attitude_alternating_pulse_train_throttle_r1,0.06253018825665405,0.04061264272830393,0.0358819325255989
16814,px4,OFFBOARD_ATTITUDE,20260411_021315_px4_attitude_alternating_pulse_train_throttle_r1,0.05957497654515932,0.04221861349432468,0.03175182894035979
16815,px4,OFFBOARD_ATTITUDE,20260411_021315_px4_attitude_alternating_pulse_train_throttle_r1,0.055705294058254126,0.03898887658164879,0.02903018679232481
16816,px4,OFFBOARD_ATTITUDE,20260411_021315_px4_attitude_alternating_pulse_train_throttle_r1,0.051802744150447624,0.03506518799218485,0.027993208426524144
16817,px4,OFFBOARD_ATTITUDE,20260411_021315_px4_attitude_alternating_pulse_train_throttle_r1,0.04835994077362054,0.030285752798218945,0.02847417922048624
16818,px4,OFFBOARD_ATTITUDE,20260411_021315_px4_attitude_alternating_pulse_train_throttle_r1,0.045166281593399096,0.024226366477841953,0.026787787056052715
16819,px4,OFFBOARD_ATTITUDE,20260411_021315_px4_attitude_alternating_pulse_train_throttle_r1,0.04178905796098831,0.02035736593313617,0.022726866205227497
16820,px4,OFFBOARD_ATTITUDE,20260411_021315_px4_attitude_alternating_pulse_train_throttle_r1,0.03874639855351379,0.01896541485366491,0.021818444136574272
16821,px4,OFFBOARD_ATTITUDE,20260411_021315_px4_attitude_alternating_pulse_train_throttle_r1,0.033966702448712735,0.01900639395253387,0.022513053431942712
16822,px4,OFFBOARD_ATTITUDE,20260411_021315_px4_attitude_alternating_pulse_train_throttle_r1,0.030042500827660655,0.017370190881427067,0.027426767336544908
16823,px4,OFFBOARD_ATTITUDE,20260411_021315_px4_attitude_alternating_pulse_train_throttle_r1,0.026807823307658334,0.014293533941308362,0.028407320243141704
16824,px4,OFFBOARD_ATTITUDE,20260411_021315_px4_attitude_alternating_pulse_train_throttle_r1,0.023206289423954585,0.013728568595800909,0.02812221887112389
16825,px4,OFFBOARD_ATTITUDE,20260411_021315_px4_attitude_alternating_pulse_train_throttle_r1,0.022010334081320318,0.01895462175589457,0.02791197728940805
16826,px4,OFFBOARD_ATTITUDE,20260411_021315_px4_attitude_alternating_pulse_train_throttle_r1,0.020356852983107746,0.022846342205183456,0.029392758764632727
16827,px4,OFFBOARD_ATTITUDE,20260411_021315_px4_attitude_alternating_pulse_train_throttle_r1,0.01884051773338289,0.024552248711332533,0.030418191096078243
16828,px4,OFFBOARD_ATTITUDE,20260411_021315_px4_attitude_alternating_pulse_train_throttle_r1,0.018391724242664973,0.023513332989538085,0.03079253168170493
16829,px4,OFFBOARD_ATTITUDE,20260411_021315_px4_attitude_alternating_pulse_train_throttle_r1,0.018163865987608697,0.020108079190691176,0.029015027170266057
16830,px4,OFFBOARD_ATTITUDE,20260411_021315_px4_attitude_alternating_pulse_train_throttle_r1,0.018051316058879312,0.017231410251461313,0.027814249409229747
16831,px4,OFFBOARD_ATTITUDE,20260411_021315_px4_attitude_alternating_pulse_train_throttle_r1,0.016531022627621204,0.016894009780263893,0.026762736085377024
16832,px4,OFFBOARD_ATTITUDE,20260411_021315_px4_attitude_alternating_pulse_train_throttle_r1,0.01470672693282761,0.016997917236544847,0.02583603229300369
16833,px4,OFFBOARD_ATTITUDE,20260411_021315_px4_attitude_alternating_pulse_train_throttle_r1,0.01269609119997786,0.017547800106046924,0.02505307630927143
16834,px4,OFFBOARD_ATTITUDE,20260411_021315_px4_attitude_alternating_pulse_train_throttle_r1,0.016932317667714504,0.022684229544574504,0.030407809762372593
16835,px4,OFFBOARD_ATTITUDE,20260411_021315_px4_attitude_alternating_pulse_train_throttle_r1,0.020633863913409475,0.02328408016464961,0.032003274782094776
16836,px4,OFFBOARD_ATTITUDE,20260411_021315_px4_attitude_alternating_pulse_train_throttle_r1,0.018652423130668883,0.02794481711028482,0.03177732805698756
16837,px4,OFFBOARD_ATTITUDE,20260411_021315_px4_attitude_alternating_pulse_train_throttle_r1,0.01822554277075076,0.03201233768938318,0.036003391040843866
16838,px4,OFFBOARD_ATTITUDE,20260411_021315_px4_attitude_alternating_pulse_train_throttle_r1,0.021441106675042784,0.03239199169197722,0.03681659443616347
16839,px4,OFFBOARD_ATTITUDE,20260411_021315_px4_attitude_alternating_pulse_train_throttle_r1,0.021705520581449683,0.03233312648317994,0.034768305524711336
16840,px4,OFFBOARD_ATTITUDE,20260411_021315_px4_attitude_alternating_pulse_train_throttle_r1,0.0175657318547414,0.034321678003212494,0.033885617241163984
16841,px4,OFFBOARD_ATTITUDE,20260411_021315_px4_attitude_alternating_pulse_train_throttle_r1,0.014516434836405205,0.03330414225598017,0.03207216759132374
16842,px4,OFFBOARD_ATTITUDE,20260411_021315_px4_attitude_alternating_pulse_train_throttle_r1,0.013383949151864133,0.02866797846679586,0.02737459753219589
16843,px4,OFFBOARD_ATTITUDE,20260411_021315_px4_attitude_alternating_pulse_train_throttle_r1,0.011066369927227657,0.02551212013369634,0.025365439579919647
16844,px4,OFFBOARD_ATTITUDE,20260411_021315_px4_attitude_alternating_pulse_train_throttle_r1,0.015627787190157685,0.024872383716021556,0.026105305318585813
16845,px4,OFFBOARD_ATTITUDE,20260411_021315_px4_attitude_alternating_pulse_train_throttle_r1,0.021005253303555724,0.02140196650674334,0.0261328732382289
16846,px4,OFFBOARD_ATTITUDE,20260411_021315_px4_attitude_alternating_pulse_train_throttle_r1,0.022950239786212304,0.02502621957504339,0.027429508896970926
16847,px4,OFFBOARD_ATTITUDE,20260411_021315_px4_attitude_alternating_pulse_train_throttle_r1,0.01608187091318813,0.03051906090380849,0.029652690028363342
16848,px4,OFFBOARD_ATTITUDE,20260411_021315_px4_attitude_alternating_pulse_train_throttle_r1,0.012952023673540928,0.03176246930669653,0.03152490496263251
16849,px4,OFFBOARD_ATTITUDE,20260411_021315_px4_attitude_alternating_pulse_train_throttle_r1,0.011671552704902926,0.023767192994800023,0.026637553308632444
16850,px4,OFFBOARD_ATTITUDE,20260411_021315_px4_attitude_alternating_pulse_train_throttle_r1,0.011078396239279694,0.020619412157064965,0.024977139896576753
16851,px4,OFFBOARD_ATTITUDE,20260411_021315_px4_attitude_alternating_pulse_train_throttle_r1,0.011593878480240292,0.019562500330559184,0.024918818029768485
16852,px4,OFFBOARD_ATTITUDE,20260411_021315_px4_attitude_alternating_pulse_train_throttle_r1,0.013440043447460269,0.018172848618819962,0.02477447480486838
16853,px4,OFFBOARD_ATTITUDE,20260411_021315_px4_attitude_alternating_pulse_train_throttle_r1,0.017002410917841163,0.01769375278644374,0.02530232457906228
16854,px4,OFFBOARD_ATTITUDE,20260411_021315_px4_attitude_alternating_pulse_train_throttle_r1,0.016478452188277894,0.01849704773607613,0.025370918966025644
16855,px4,OFFBOARD_ATTITUDE,20260411_021315_px4_attitude_alternating_pulse_train_throttle_r1,0.015399682972195423,0.020741334178600614,0.026928756775559268
16856,px4,OFFBOARD_ATTITUDE,20260411_021315_px4_attitude_alternating_pulse_train_throttle_r1,0.013949341626068916,0.020696436289557512,0.028309084928758013
16857,px4,OFFBOARD_ATTITUDE,20260411_021315_px4_attitude_alternating_pulse_train_throttle_r1,0.013894528911598376,0.019215109566810353,0.02823427964420838
16858,px4,OFFBOARD_ATTITUDE,20260411_021315_px4_attitude_alternating_pulse_train_throttle_r1,0.013616696156021926,0.01605653382725821,0.026587716753593622
16859,px4,OFFBOARD_ATTITUDE,20260411_021315_px4_attitude_alternating_pulse_train_throttle_r1,0.014585001285851386,0.014857924491789973,0.02514893724460538
16860,px4,OFFBOARD_ATTITUDE,20260411_021315_px4_attitude_alternating_pulse_train_throttle_r1,0.014656761681876806,0.013334331753722065,0.022850828760335295
16861,px4,OFFBOARD_ATTITUDE,20260411_021315_px4_attitude_alternating_pulse_train_throttle_r1,0.014407948448831517,0.014278698397732834,0.02356803515086645
16862,px4,OFFBOARD_ATTITUDE,20260411_021315_px4_attitude_alternating_pulse_train_throttle_r1,0.013376607080393274,0.015467316903424672,0.02685981775068119
16863,px4,OFFBOARD_ATTITUDE,20260411_021315_px4_attitude_alternating_pulse_train_throttle_r1,0.013573758421851222,0.015059791188953234,0.026403074748275187
16864,px4,OFFBOARD_ATTITUDE,20260411_021315_px4_attitude_alternating_pulse_train_throttle_r1,0.015539493261873503,0.013806544001603334,0.02541274487199744
16865,px4,OFFBOARD_ATTITUDE,20260411_021315_px4_attitude_alternating_pulse_train_throttle_r1,0.021524948909607187,0.014687460598998699,0.03027449366715309
16866,px4,OFFBOARD_ATTITUDE,20260411_021315_px4_attitude_alternating_pulse_train_throttle_r1,0.07363366946885343,0.017600108859463774,0.07934883055199783
16867,px4,OFFBOARD_ATTITUDE,20260411_021315_px4_attitude_alternating_pulse_train_throttle_r1,0.3134557344099488,0.01968840393007809,0.30434931960477735
16868,px4,OFFBOARD_ATTITUDE,20260411_021315_px4_attitude_alternating_pulse_train_throttle_r1,0.5882740207575599,0.08287741394827869,0.5089336132418752
16869,px4,OFFBOARD_ATTITUDE,20260411_021315_px4_attitude_alternating_pulse_train_throttle_r1,0.875421280444997,0.3811265255320598,0.4974020103803613
16870,px4,OFFBOARD_ATTITUDE,20260411_021315_px4_attitude_alternating_pulse_train_throttle_r1,1.1357610369606883,0.7284363016610459,0.40978712742098766
16871,px4,OFFBOARD_ATTITUDE,20260411_021315_px4_attitude_alternating_pulse_train_throttle_r1,1.4501877391071005,1.062369535207837,0.3890234417727636
16872,px4,OFFBOARD_ATTITUDE,20260411_021315_px4_attitude_alternating_pulse_train_throttle_r1,1.646458993337462,1.338436288628684,0.3086802222892603
16873,px4,OFFBOARD_ATTITUDE,20260411_021315_px4_attitude_alternating_pulse_train_throttle_r1,1.885661704023416,1.6389337613040684,0.24867196801895822
16874,px4,OFFBOARD_ATTITUDE,20260411_021315_px4_attitude_alternating_pulse_train_throttle_r1,2.1125072798683924,1.8032804550440962,0.3177602202225159
16875,px4,OFFBOARD_ATTITUDE,20260411_021315_px4_attitude_alternating_pulse_train_throttle_r1,2.220254961155799,1.984905493010461,0.24601529234967157
16876,px4,OFFBOARD_ATTITUDE,20260411_021315_px4_attitude_alternating_pulse_train_throttle_r1,2.2962716965195806,2.1340213014235077,0.17163579947046362
16877,px4,OFFBOARD_ATTITUDE,20260411_021315_px4_attitude_alternating_pulse_train_throttle_r1,2.316253768127844,2.19652917123464,0.12546803745568816
16878,px4,OFFBOARD_ATTITUDE,20260411_021315_px4_attitude_alternating_pulse_train_throttle_r1,2.271367369640064,2.23848901915778,0.04038165440946185
16879,px4,OFFBOARD_ATTITUDE,20260411_021315_px4_attitude_alternating_pulse_train_throttle_r1,2.195726801612177,2.2494701204549705,0.06289762096217678
16880,px4,OFFBOARD_ATTITUDE,20260411_021315_px4_attitude_alternating_pulse_train_throttle_r1,2.1115221858037003,2.21708247406499,0.11131778654095725
16881,px4,OFFBOARD_ATTITUDE,20260411_021315_px4_attitude_alternating_pulse_train_throttle_r1,1.9578343443373099,2.159492994830491,0.20648831134991996
16882,px4,OFFBOARD_ATTITUDE,20260411_021315_px4_attitude_alternating_pulse_train_throttle_r1,1.8348962042941734,2.090516867843804,0.25988130734647624
16883,px4,OFFBOARD_ATTITUDE,20260411_021315_px4_attitude_alternating_pulse_train_throttle_r1,1.657919210467514,1.9587843500176625,0.3044672790635823
16884,px4,OFFBOARD_ATTITUDE,20260411_021315_px4_attitude_alternating_pulse_train_throttle_r1,1.4874788525786968,1.8470949814320474,0.3630619191530888
16885,px4,OFFBOARD_ATTITUDE,20260411_021315_px4_attitude_alternating_pulse_train_throttle_r1,1.2691071819069941,1.6817970789647585,0.4159339305360353
16886,px4,OFFBOARD_ATTITUDE,20260411_021315_px4_attitude_alternating_pulse_train_throttle_r1,1.1223308320666192,1.5188840556446508,0.39965009037061655
16887,px4,OFFBOARD_ATTITUDE,20260411_021315_px4_attitude_alternating_pulse_train_throttle_r1,0.9272176608841237,1.3052774815771278,0.3803231924822933
16888,px4,OFFBOARD_ATTITUDE,20260411_021315_px4_attitude_alternating_pulse_train_throttle_r1,0.7560209201168211,1.1600705646209966,0.406157961718906
16889,px4,OFFBOARD_ATTITUDE,20260411_021315_px4_attitude_alternating_pulse_train_throttle_r1,0.5861528325451895,0.961896049931978,0.3784493888068736
16890,px4,OFFBOARD_ATTITUDE,20260411_021315_px4_attitude_alternating_pulse_train_throttle_r1,0.4392627571559094,0.7917588671506579,0.35597067251743597
16891,px4,OFFBOARD_ATTITUDE,20260411_021315_px4_attitude_alternating_pulse_train_throttle_r1,0.34531719215365037,0.6246894205058693,0.2873421822320614
16892,px4,OFFBOARD_ATTITUDE,20260411_021315_px4_attitude_alternating_pulse_train_throttle_r1,0.5627772508537878,0.4798070089973918,0.2169711391392264
17267,px4,OFFBOARD_ATTITUDE,20260411_021542_px4_attitude_alternating_pulse_train_throttle_r1,1.5725440024174038,1.562380174773519,0.01033933603567143
17268,px4,OFFBOARD_ATTITUDE,20260411_021542_px4_attitude_alternating_pulse_train_throttle_r1,1.5725807754536338,1.5624606293358407,0.010308095179619513
17269,px4,OFFBOARD_ATTITUDE,20260411_021542_px4_attitude_alternating_pulse_train_throttle_r1,1.5726417513297095,1.5625701716038414,0.010252207285749099
17270,px4,OFFBOARD_ATTITUDE,20260411_021542_px4_attitude_alternating_pulse_train_throttle_r1,1.5727409356144704,1.5626091275344973,0.010284038676450382
17271,px4,OFFBOARD_ATTITUDE,20260411_021542_px4_attitude_alternating_pulse_train_throttle_r1,1.5728531641790056,1.5626949363484417,0.010332296758790473
17272,px4,OFFBOARD_ATTITUDE,20260411_021542_px4_attitude_alternating_pulse_train_throttle_r1,1.5729229113507721,1.5628292011312863,0.010271910287067481
17273,px4,OFFBOARD_ATTITUDE,20260411_021542_px4_attitude_alternating_pulse_train_throttle_r1,1.5730204786268978,1.562964330463574,0.010229659272698956
17274,px4,OFFBOARD_ATTITUDE,20260411_021542_px4_attitude_alternating_pulse_train_throttle_r1,1.5731170581953802,1.563067713582005,0.010224598291959128
17275,px4,OFFBOARD_ATTITUDE,20260411_021542_px4_attitude_alternating_pulse_train_throttle_r1,1.5732237769082154,1.56315746952622,0.010267660466501606
17276,px4,OFFBOARD_ATTITUDE,20260411_021542_px4_attitude_alternating_pulse_train_throttle_r1,1.5733504793979276,1.5632399850882364,0.010313024387483891
17277,px4,OFFBOARD_ATTITUDE,20260411_021542_px4_attitude_alternating_pulse_train_throttle_r1,1.5735614956811832,1.5633468260363057,0.010419931324446154
17278,px4,OFFBOARD_ATTITUDE,20260411_021542_px4_attitude_alternating_pulse_train_throttle_r1,1.5737173148915564,1.5635272144193804,0.010361257699667902
17279,px4,OFFBOARD_ATTITUDE,20260411_021542_px4_attitude_alternating_pulse_train_throttle_r1,1.5738604567798478,1.5638093584613413,0.010249739576548792
17280,px4,OFFBOARD_ATTITUDE,20260411_021542_px4_attitude_alternating_pulse_train_throttle_r1,1.5739916661272464,1.5640051784544602,0.010193580378225812
17281,px4,OFFBOARD_ATTITUDE,20260411_021542_px4_attitude_alternating_pulse_train_throttle_r1,1.574139092704877,1.5640555654260473,0.010315308033483479
17282,px4,OFFBOARD_ATTITUDE,20260411_021542_px4_attitude_alternating_pulse_train_throttle_r1,1.574291325266378,1.564099974346588,0.010417510845099658
17283,px4,OFFBOARD_ATTITUDE,20260411_021542_px4_attitude_alternating_pulse_train_throttle_r1,1.5744551065590973,1.5642121668774889,0.010435185273950036
17284,px4,OFFBOARD_ATTITUDE,20260411_021542_px4_attitude_alternating_pulse_train_throttle_r1,1.5746771329840306,1.5643591371420282,0.010532586074628229
17285,px4,OFFBOARD_ATTITUDE,20260411_021542_px4_attitude_alternating_pulse_train_throttle_r1,1.5748613790953911,1.5645126850598048,0.010562363783251441
17286,px4,OFFBOARD_ATTITUDE,20260411_021542_px4_attitude_alternating_pulse_train_throttle_r1,1.5750624996905995,1.5647054287991564,0.01054756001906696
17287,px4,OFFBOARD_ATTITUDE,20260411_021542_px4_attitude_alternating_pulse_train_throttle_r1,1.5752851990702421,1.5648812583809923,0.010611315955562117
17288,px4,OFFBOARD_ATTITUDE,20260411_021542_px4_attitude_alternating_pulse_train_throttle_r1,1.5754465455247084,1.5650686655222161,0.01057200797564555
17289,px4,OFFBOARD_ATTITUDE,20260411_021542_px4_attitude_alternating_pulse_train_throttle_r1,1.5755499864996747,1.5653642235849343,0.010437741356170057
17290,px4,OFFBOARD_ATTITUDE,20260411_021542_px4_attitude_alternating_pulse_train_throttle_r1,1.5756622362680415,1.5655225753707296,0.010315539369324458
17291,px4,OFFBOARD_ATTITUDE,20260411_021542_px4_attitude_alternating_pulse_train_throttle_r1,1.575777763244813,1.5656521786813957,0.01029278223733
17292,px4,OFFBOARD_ATTITUDE,20260411_021542_px4_attitude_alternating_pulse_train_throttle_r1,1.5759393418162815,1.5658181105592999,0.010321808424041722
17293,px4,OFFBOARD_ATTITUDE,20260411_021542_px4_attitude_alternating_pulse_train_throttle_r1,1.576042717383504,1.5659440708687165,0.010266705111821192
17294,px4,OFFBOARD_ATTITUDE,20260411_021542_px4_attitude_alternating_pulse_train_throttle_r1,1.576088374344131,1.5661501207062785,0.010115683238631632
17295,px4,OFFBOARD_ATTITUDE,20260411_021542_px4_attitude_alternating_pulse_train_throttle_r1,1.576152973074992,1.5663059211475927,0.010021710978558153
17296,px4,OFFBOARD_ATTITUDE,20260411_021542_px4_attitude_alternating_pulse_train_throttle_r1,1.5762165877091108,1.5663704152288045,0.01003043416822728
17297,px4,OFFBOARD_ATTITUDE,20260411_021542_px4_attitude_alternating_pulse_train_throttle_r1,1.5762521137791268,1.5664706833678992,0.009955177411658429
17298,px4,OFFBOARD_ATTITUDE,20260411_021542_px4_attitude_alternating_pulse_train_throttle_r1,1.5763007857753273,1.5665521893786039,0.00994459773866279
17299,px4,OFFBOARD_ATTITUDE,20260411_021542_px4_attitude_alternating_pulse_train_throttle_r1,1.5763392384798764,1.5665973995184868,0.009913994078224792
17300,px4,OFFBOARD_ATTITUDE,20260411_021542_px4_attitude_alternating_pulse_train_throttle_r1,1.5763708959486857,1.5666602848162303,0.009879474819903693
17301,px4,OFFBOARD_ATTITUDE,20260411_021542_px4_attitude_alternating_pulse_train_throttle_r1,1.5764059571144964,1.5667502488509872,0.009870639267135177
17302,px4,OFFBOARD_ATTITUDE,20260411_021542_px4_attitude_alternating_pulse_train_throttle_r1,1.5764299107040878,1.5668198425236928,0.009816201860071542
17303,px4,OFFBOARD_ATTITUDE,20260411_021542_px4_attitude_alternating_pulse_train_throttle_r1,1.5764554597498786,1.5668566878498265,0.009793162259633845
17304,px4,OFFBOARD_ATTITUDE,20260411_021542_px4_attitude_alternating_pulse_train_throttle_r1,1.5764212216682567,1.5668807535789007,0.009784364328964379
17305,px4,OFFBOARD_ATTITUDE,20260411_021542_px4_attitude_alternating_pulse_train_throttle_r1,1.57638862357438,1.5669018769416299,0.00970254722684732
17306,px4,OFFBOARD_ATTITUDE,20260411_021542_px4_attitude_alternating_pulse_train_throttle_r1,1.5763687334767784,1.5668365866100071,0.00975759122641764
17307,px4,OFFBOARD_ATTITUDE,20260411_021542_px4_attitude_alternating_pulse_train_throttle_r1,1.5763900439069367,1.56676196877486,0.00989542449775301
17308,px4,OFFBOARD_ATTITUDE,20260411_021542_px4_attitude_alternating_pulse_train_throttle_r1,1.576420187572054,1.5666657263047061,0.009997584629431394
17309,px4,OFFBOARD_ATTITUDE,20260411_021542_px4_attitude_alternating_pulse_train_throttle_r1,1.5764956303235331,1.5665675153827536,0.010165694071081068
17310,px4,OFFBOARD_ATTITUDE,20260411_021542_px4_attitude_alternating_pulse_train_throttle_r1,1.5765531495216951,1.5664982436679469,0.010288222992558702
17311,px4,OFFBOARD_ATTITUDE,20260411_021542_px4_attitude_alternating_pulse_train_throttle_r1,1.5766255922233157,1.5664541985173368,0.01040497025442393
17312,px4,OFFBOARD_ATTITUDE,20260411_021542_px4_attitude_alternating_pulse_train_throttle_r1,1.5766639244567593,1.5663881258836303,0.010510439633426797
17313,px4,OFFBOARD_ATTITUDE,20260411_021542_px4_attitude_alternating_pulse_train_throttle_r1,1.5766825816072534,1.5663347012879087,0.010574603610123834
17314,px4,OFFBOARD_ATTITUDE,20260411_021542_px4_attitude_alternating_pulse_train_throttle_r1,1.576724289200461,1.5662152778873653,0.010716660581997717
17315,px4,OFFBOARD_ATTITUDE,20260411_021542_px4_attitude_alternating_pulse_train_throttle_r1,1.5767552291733686,1.5661365055634973,0.010839500303164168
17316,px4,OFFBOARD_ATTITUDE,20260411_021542_px4_attitude_alternating_pulse_train_throttle_r1,1.5767897289094628,1.5660907788250127,0.0109243984946103
17317,px4,OFFBOARD_ATTITUDE,20260411_021542_px4_attitude_alternating_pulse_train_throttle_r1,1.5767790626532647,1.5660206157510315,0.01098606381711277
17318,px4,OFFBOARD_ATTITUDE,20260411_021542_px4_attitude_alternating_pulse_train_throttle_r1,1.5767191425847213,1.5660010260326769,0.010939911958879217
17319,px4,OFFBOARD_ATTITUDE,20260411_021542_px4_attitude_alternating_pulse_train_throttle_r1,1.576641210600436,1.565963031677554,0.010872461894397636
17320,px4,OFFBOARD_ATTITUDE,20260411_021542_px4_attitude_alternating_pulse_train_throttle_r1,1.5765580129517676,1.565886500552648,0.010881057083574308
17321,px4,OFFBOARD_ATTITUDE,20260411_021542_px4_attitude_alternating_pulse_train_throttle_r1,1.5764668687531587,1.5658044531815631,0.01087309441239925
17322,px4,OFFBOARD_ATTITUDE,20260411_021542_px4_attitude_alternating_pulse_train_throttle_r1,1.576401579608072,1.5657050783052096,0.010894472018085388
17323,px4,OFFBOARD_ATTITUDE,20260411_021542_px4_attitude_alternating_pulse_train_throttle_r1,1.5763885199644645,1.5656386710934835,0.010957093944616315
17324,px4,OFFBOARD_ATTITUDE,20260411_021542_px4_attitude_alternating_pulse_train_throttle_r1,1.5764073349835188,1.5656171327454385,0.010962838540784522
17325,px4,OFFBOARD_ATTITUDE,20260411_021542_px4_attitude_alternating_pulse_train_throttle_r1,1.5764401330729176,1.565633062272261,0.01103145900345496
17326,px4,OFFBOARD_ATTITUDE,20260411_021542_px4_attitude_alternating_pulse_train_throttle_r1,1.576453353310837,1.565657736448947,0.011038232118958782
17327,px4,OFFBOARD_ATTITUDE,20260411_021542_px4_attitude_alternating_pulse_train_throttle_r1,1.5764305090205097,1.5656920465222168,0.010921821249499794
17328,px4,OFFBOARD_ATTITUDE,20260411_021542_px4_attitude_alternating_pulse_train_throttle_r1,1.5764029571140379,1.5657113389832376,0.01092447054596511
17329,px4,OFFBOARD_ATTITUDE,20260411_021542_px4_attitude_alternating_pulse_train_throttle_r1,1.5763670359135369,1.5656923920363606,0.010887682647227557
17330,px4,OFFBOARD_ATTITUDE,20260411_021542_px4_attitude_alternating_pulse_train_throttle_r1,1.5763359035241167,1.5656534550916856,0.010915490792988593
17331,px4,OFFBOARD_ATTITUDE,20260411_021542_px4_attitude_alternating_pulse_train_throttle_r1,1.5762429882442812,1.5656044945015009,0.010885617504148553
17332,px4,OFFBOARD_ATTITUDE,20260411_021542_px4_attitude_alternating_pulse_train_throttle_r1,1.5761888965947666,1.5655549722501898,0.0108683970242181
17333,px4,OFFBOARD_ATTITUDE,20260411_021542_px4_attitude_alternating_pulse_train_throttle_r1,1.5761532581760536,1.5654155863115153,0.010985032928220438
17334,px4,OFFBOARD_ATTITUDE,20260411_021542_px4_attitude_alternating_pulse_train_throttle_r1,1.5761478528334083,1.5653652044752737,0.010988511289127176
17335,px4,OFFBOARD_ATTITUDE,20260411_021542_px4_attitude_alternating_pulse_train_throttle_r1,1.5761925553967775,1.5653428645249239,0.01105072786157131
17336,px4,OFFBOARD_ATTITUDE,20260411_021542_px4_attitude_alternating_pulse_train_throttle_r1,1.5762689744790859,1.5653385071384298,0.011141264495493687
17337,px4,OFFBOARD_ATTITUDE,20260411_021542_px4_attitude_alternating_pulse_train_throttle_r1,1.5763745586591156,1.5653672430183032,0.011204323559316774
17338,px4,OFFBOARD_ATTITUDE,20260411_021542_px4_attitude_alternating_pulse_train_throttle_r1,1.5764807239741734,1.5654813394372373,0.011198103981028804
17339,px4,OFFBOARD_ATTITUDE,20260411_021542_px4_attitude_alternating_pulse_train_throttle_r1,1.5765336248356352,1.5656264128378699,0.011118398052890815
17340,px4,OFFBOARD_ATTITUDE,20260411_021542_px4_attitude_alternating_pulse_train_throttle_r1,1.576603473363314,1.5657507784582352,0.011095431951149244
17341,px4,OFFBOARD_ATTITUDE,20260411_021542_px4_attitude_alternating_pulse_train_throttle_r1,1.5765906650703783,1.5657996821818172,0.010999487967683156
17342,px4,OFFBOARD_ATTITUDE,20260411_021542_px4_attitude_alternating_pulse_train_throttle_r1,1.5764914644231893,1.5658570069169695,0.01088002565402688
17343,px4,OFFBOARD_ATTITUDE,20260411_021542_px4_attitude_alternating_pulse_train_throttle_r1,1.5764070550427696,1.5657975551924967,0.010932317211421462
17344,px4,OFFBOARD_ATTITUDE,20260411_021542_px4_attitude_alternating_pulse_train_throttle_r1,1.5761486440790646,1.5655996176724583,0.01101987797862156
17345,px4,OFFBOARD_ATTITUDE,20260411_021542_px4_attitude_alternating_pulse_train_throttle_r1,1.575845682031008,1.5654491900450762,0.011149580676784563
17346,px4,OFFBOARD_ATTITUDE,20260411_021542_px4_attitude_alternating_pulse_train_throttle_r1,1.5754614615696816,1.5655112616561313,0.01071620786889526
17347,px4,OFFBOARD_ATTITUDE,20260411_021542_px4_attitude_alternating_pulse_train_throttle_r1,1.5750168252978796,1.565950304839215,0.009714832805044954
17348,px4,OFFBOARD_ATTITUDE,20260411_021542_px4_attitude_alternating_pulse_train_throttle_r1,1.574484819091658,1.5668023329582494,0.00827427832871723
17349,px4,OFFBOARD_ATTITUDE,20260411_021542_px4_attitude_alternating_pulse_train_throttle_r1,1.5738242155420663,1.5678424478331001,0.0065377050417530095
17350,px4,OFFBOARD_ATTITUDE,20260411_021542_px4_attitude_alternating_pulse_train_throttle_r1,1.5734064214499894,1.568950922012602,0.005122450925591103
17351,px4,OFFBOARD_ATTITUDE,20260411_021542_px4_attitude_alternating_pulse_train_throttle_r1,1.5729747863860564,1.5705921477000782,0.003608253056887259
17352,px4,OFFBOARD_ATTITUDE,20260411_021542_px4_attitude_alternating_pulse_train_throttle_r1,1.5725049573324543,1.5719092379189552,0.0029591566721813515
17353,px4,OFFBOARD_ATTITUDE,20260411_021542_px4_attitude_alternating_pulse_train_throttle_r1,1.5720378740507022,1.5727286142948094,0.003443013859271257
17354,px4,OFFBOARD_ATTITUDE,20260411_021542_px4_attitude_alternating_pulse_train_throttle_r1,1.5712517771734447,1.5735804197372498,0.004487454679055598
17355,px4,OFFBOARD_ATTITUDE,20260411_021542_px4_attitude_alternating_pulse_train_throttle_r1,1.5707336364715383,1.5738824040035073,0.004596475985244428
17356,px4,OFFBOARD_ATTITUDE,20260411_021542_px4_attitude_alternating_pulse_train_throttle_r1,1.5702705638481094,1.574128485102296,0.00493634927478012
17357,px4,OFFBOARD_ATTITUDE,20260411_021542_px4_attitude_alternating_pulse_train_throttle_r1,1.5700246440061436,1.573934514226745,0.004968346571517594
17358,px4,OFFBOARD_ATTITUDE,20260411_021542_px4_attitude_alternating_pulse_train_throttle_r1,1.5697763783194847,1.5736612365266203,0.0049493517718622254
17359,px4,OFFBOARD_ATTITUDE,20260411_021542_px4_attitude_alternating_pulse_train_throttle_r1,1.569788308968646,1.5733741096713325,0.004505095006696449
17360,px4,OFFBOARD_ATTITUDE,20260411_021542_px4_attitude_alternating_pulse_train_throttle_r1,1.5698483340444338,1.5731802608799366,0.004372093648144572
17361,px4,OFFBOARD_ATTITUDE,20260411_021542_px4_attitude_alternating_pulse_train_throttle_r1,1.5700190948631185,1.573185443381313,0.004518070937645543
17362,px4,OFFBOARD_ATTITUDE,20260411_021542_px4_attitude_alternating_pulse_train_throttle_r1,1.5703218306002207,1.5731865283993312,0.004584641232223172
17363,px4,OFFBOARD_ATTITUDE,20260411_021542_px4_attitude_alternating_pulse_train_throttle_r1,1.5705384160716436,1.5732370933667006,0.004865833308649726
17364,px4,OFFBOARD_ATTITUDE,20260411_021542_px4_attitude_alternating_pulse_train_throttle_r1,1.5708286441847419,1.5733024387601728,0.00479393250582393
17365,px4,OFFBOARD_ATTITUDE,20260411_021542_px4_attitude_alternating_pulse_train_throttle_r1,1.5711043641582638,1.5732932912607611,0.004606587633599157
17366,px4,OFFBOARD_ATTITUDE,20260411_021542_px4_attitude_alternating_pulse_train_throttle_r1,1.571407321311022,1.5733190458393176,0.004409416790286461
17367,px4,OFFBOARD_ATTITUDE,20260411_021542_px4_attitude_alternating_pulse_train_throttle_r1,1.571680102538618,1.5733122193192615,0.004413227024031467
17368,px4,OFFBOARD_ATTITUDE,20260411_021542_px4_attitude_alternating_pulse_train_throttle_r1,1.5720173329991527,1.5732755300218142,0.004599883587476213
17369,px4,OFFBOARD_ATTITUDE,20260411_021542_px4_attitude_alternating_pulse_train_throttle_r1,1.5722341777236701,1.5732019144911151,0.004223227552623719
17370,px4,OFFBOARD_ATTITUDE,20260411_021542_px4_attitude_alternating_pulse_train_throttle_r1,1.5723958791701542,1.5730968435801476,0.0037698251328401474
17371,px4,OFFBOARD_ATTITUDE,20260411_021542_px4_attitude_alternating_pulse_train_throttle_r1,1.57255032369754,1.5728430112793093,0.003692169174036026
17372,px4,OFFBOARD_ATTITUDE,20260411_021542_px4_attitude_alternating_pulse_train_throttle_r1,1.5726740552978506,1.572570046214435,0.0033768067949851046
17373,px4,OFFBOARD_ATTITUDE,20260411_021542_px4_attitude_alternating_pulse_train_throttle_r1,1.5727695326999722,1.5722825312733284,0.003078987127990934
17374,px4,OFFBOARD_ATTITUDE,20260411_021542_px4_attitude_alternating_pulse_train_throttle_r1,1.572850516803838,1.571976319382411,0.0032652802757647524
17375,px4,OFFBOARD_ATTITUDE,20260411_021542_px4_attitude_alternating_pulse_train_throttle_r1,1.5729020179474362,1.5716696202424794,0.0031229079238321213
17376,px4,OFFBOARD_ATTITUDE,20260411_021542_px4_attitude_alternating_pulse_train_throttle_r1,1.5729412339135538,1.5713846815794668,0.0032199701338836094
17377,px4,OFFBOARD_ATTITUDE,20260411_021542_px4_attitude_alternating_pulse_train_throttle_r1,1.5729724533918252,1.5709158158535983,0.0037203160336197276
17378,px4,OFFBOARD_ATTITUDE,20260411_021542_px4_attitude_alternating_pulse_train_throttle_r1,1.5729733893133315,1.570688024236498,0.0039057973582164607
17379,px4,OFFBOARD_ATTITUDE,20260411_021542_px4_attitude_alternating_pulse_train_throttle_r1,1.5729896546327773,1.5701919349416291,0.0042612292131737894
17380,px4,OFFBOARD_ATTITUDE,20260411_021542_px4_attitude_alternating_pulse_train_throttle_r1,1.572964738898181,1.5697865024907336,0.0048800277448097845
17381,px4,OFFBOARD_ATTITUDE,20260411_021542_px4_attitude_alternating_pulse_train_throttle_r1,1.572928607513484,1.5694035894495115,0.005230239318663277
17382,px4,OFFBOARD_ATTITUDE,20260411_021542_px4_attitude_alternating_pulse_train_throttle_r1,1.572890772149867,1.5688792165299712,0.005522744235245121
17383,px4,OFFBOARD_ATTITUDE,20260411_021542_px4_attitude_alternating_pulse_train_throttle_r1,1.5728084325437235,1.5683059148834597,0.0058799283828397
17384,px4,OFFBOARD_ATTITUDE,20260411_021542_px4_attitude_alternating_pulse_train_throttle_r1,1.5727262544836587,1.5678964806512237,0.0059824903243147895
17385,px4,OFFBOARD_ATTITUDE,20260411_021542_px4_attitude_alternating_pulse_train_throttle_r1,1.5725189852988049,1.5672544679375877,0.00621795174203158
17386,px4,OFFBOARD_ATTITUDE,20260411_021542_px4_attitude_alternating_pulse_train_throttle_r1,1.5723663884514176,1.5669639728296765,0.006337493521237592
17387,px4,OFFBOARD_ATTITUDE,20260411_021542_px4_attitude_alternating_pulse_train_throttle_r1,1.5721861773822405,1.5663226916587538,0.006849450047979809
17388,px4,OFFBOARD_ATTITUDE,20260411_021542_px4_attitude_alternating_pulse_train_throttle_r1,1.5721236156229257,1.5659759402523772,0.0070785061284859545
17389,px4,OFFBOARD_ATTITUDE,20260411_021542_px4_attitude_alternating_pulse_train_throttle_r1,1.5719584570084206,1.5654748083098595,0.007267623696263557
17390,px4,OFFBOARD_ATTITUDE,20260411_021542_px4_attitude_alternating_pulse_train_throttle_r1,1.57192746759566,1.565355569146291,0.007516282058637815
17391,px4,OFFBOARD_ATTITUDE,20260411_021542_px4_attitude_alternating_pulse_train_throttle_r1,1.5719191737363407,1.5649736491122477,0.007903876502651818
17392,px4,OFFBOARD_ATTITUDE,20260411_021542_px4_attitude_alternating_pulse_train_throttle_r1,1.5719613177580696,1.5648782920388606,0.008002908154218653
17393,px4,OFFBOARD_ATTITUDE,20260411_021542_px4_attitude_alternating_pulse_train_throttle_r1,1.5720567865974848,1.56470935219698,0.00833829797411337
17394,px4,OFFBOARD_ATTITUDE,20260411_021542_px4_attitude_alternating_pulse_train_throttle_r1,1.572230502378131,1.5645827440588755,0.008699117758707355
17395,px4,OFFBOARD_ATTITUDE,20260411_021542_px4_attitude_alternating_pulse_train_throttle_r1,1.5724099772361029,1.5645272772185632,0.008955355707453903
17396,px4,OFFBOARD_ATTITUDE,20260411_021542_px4_attitude_alternating_pulse_train_throttle_r1,1.5727899136046481,1.564539416264918,0.009441451299609875
17397,px4,OFFBOARD_ATTITUDE,20260411_021542_px4_attitude_alternating_pulse_train_throttle_r1,1.5730090371261067,1.5645473114066348,0.009508670749042793
17398,px4,OFFBOARD_ATTITUDE,20260411_021542_px4_attitude_alternating_pulse_train_throttle_r1,1.5730892566150227,1.5646725592803818,0.009382942855807068
17399,px4,OFFBOARD_ATTITUDE,20260411_021542_px4_attitude_alternating_pulse_train_throttle_r1,1.5730153481113336,1.564769438725694,0.009375774336486188
17400,px4,OFFBOARD_ATTITUDE,20260411_021542_px4_attitude_alternating_pulse_train_throttle_r1,1.5729496350506755,1.5647294731510748,0.009215045345226614
17401,px4,OFFBOARD_ATTITUDE,20260411_021542_px4_attitude_alternating_pulse_train_throttle_r1,1.572787962994361,1.5645797541035134,0.009041021505219841
17402,px4,OFFBOARD_ATTITUDE,20260411_021542_px4_attitude_alternating_pulse_train_throttle_r1,1.5725804429895767,1.5644823440237627,0.00879568746844434
17403,px4,OFFBOARD_ATTITUDE,20260411_021542_px4_attitude_alternating_pulse_train_throttle_r1,1.572311969329354,1.5641833808531287,0.008637505139278787
17404,px4,OFFBOARD_ATTITUDE,20260411_021542_px4_attitude_alternating_pulse_train_throttle_r1,1.5720317689187588,1.563821546101347,0.008738642961312635
17405,px4,OFFBOARD_ATTITUDE,20260411_021542_px4_attitude_alternating_pulse_train_throttle_r1,1.5716750952309535,1.5634076484669541,0.0087011572486989
17406,px4,OFFBOARD_ATTITUDE,20260411_021542_px4_attitude_alternating_pulse_train_throttle_r1,1.5714787545385198,1.5628758087747532,0.00909059693419246
17407,px4,OFFBOARD_ATTITUDE,20260411_021542_px4_attitude_alternating_pulse_train_throttle_r1,1.5715241369024289,1.562311070258491,0.009790867330157545
17408,px4,OFFBOARD_ATTITUDE,20260411_021542_px4_attitude_alternating_pulse_train_throttle_r1,1.5716321499712398,1.5619854124996724,0.01013691635652146
17409,px4,OFFBOARD_ATTITUDE,20260411_021542_px4_attitude_alternating_pulse_train_throttle_r1,1.5718306260608146,1.5619414866210743,0.010282706257533837
17410,px4,OFFBOARD_ATTITUDE,20260411_021542_px4_attitude_alternating_pulse_train_throttle_r1,1.5722819463839988,1.5619599997255642,0.010841520281848491
17411,px4,OFFBOARD_ATTITUDE,20260411_021542_px4_attitude_alternating_pulse_train_throttle_r1,1.5725564681335775,1.5620333003932212,0.011129688066647847
17412,px4,OFFBOARD_ATTITUDE,20260411_021542_px4_attitude_alternating_pulse_train_throttle_r1,1.5728769546598476,1.5624035757132078,0.011109757799108473
17413,px4,OFFBOARD_ATTITUDE,20260411_021542_px4_attitude_alternating_pulse_train_throttle_r1,1.5731789268883738,1.5626066159062193,0.011185207230811609
17414,px4,OFFBOARD_ATTITUDE,20260411_021542_px4_attitude_alternating_pulse_train_throttle_r1,1.5735185202305941,1.5628106693119868,0.011329120576016448
17415,px4,OFFBOARD_ATTITUDE,20260411_021542_px4_attitude_alternating_pulse_train_throttle_r1,1.5735001022911528,1.563154168031113,0.011147999786146504
17416,px4,OFFBOARD_ATTITUDE,20260411_021542_px4_attitude_alternating_pulse_train_throttle_r1,1.5734332174587535,1.5633349415607567,0.010825737374452245
17417,px4,OFFBOARD_ATTITUDE,20260411_021542_px4_attitude_alternating_pulse_train_throttle_r1,1.5734414372879302,1.563226939909268,0.010777034154651236
17418,px4,OFFBOARD_ATTITUDE,20260411_021542_px4_attitude_alternating_pulse_train_throttle_r1,1.5732825419526704,1.5630364553511547,0.010775118746794604
17419,px4,OFFBOARD_ATTITUDE,20260411_021542_px4_attitude_alternating_pulse_train_throttle_r1,1.5730759634133928,1.562885084673604,0.010649964134020121
17420,px4,OFFBOARD_ATTITUDE,20260411_021542_px4_attitude_alternating_pulse_train_throttle_r1,1.5728475744593973,1.5626452808974298,0.010624718457173186
17421,px4,OFFBOARD_ATTITUDE,20260411_021542_px4_attitude_alternating_pulse_train_throttle_r1,1.572574227248843,1.5622349475523223,0.010705903377628171
17422,px4,OFFBOARD_ATTITUDE,20260411_021542_px4_attitude_alternating_pulse_train_throttle_r1,1.5723879700131556,1.5618973786472867,0.010824923004365663
17423,px4,OFFBOARD_ATTITUDE,20260411_021542_px4_attitude_alternating_pulse_train_throttle_r1,1.5722593732291228,1.561581204383337,0.010994324240208337
17424,px4,OFFBOARD_ATTITUDE,20260411_021542_px4_attitude_alternating_pulse_train_throttle_r1,1.5722276753067739,1.5613156592803126,0.011203713391811027
17425,px4,OFFBOARD_ATTITUDE,20260411_021542_px4_attitude_alternating_pulse_train_throttle_r1,1.5722280096022774,1.5611973416801828,0.011312163958584797
17426,px4,OFFBOARD_ATTITUDE,20260411_021542_px4_attitude_alternating_pulse_train_throttle_r1,1.5722613850641383,1.561147025127717,0.011436677334698301
17427,px4,OFFBOARD_ATTITUDE,20260411_021542_px4_attitude_alternating_pulse_train_throttle_r1,1.5725321608638536,1.5610992387506841,0.011682556985280918
17428,px4,OFFBOARD_ATTITUDE,20260411_021542_px4_attitude_alternating_pulse_train_throttle_r1,1.5727097247645307,1.5610683847055276,0.01186639416423539
17429,px4,OFFBOARD_ATTITUDE,20260411_021542_px4_attitude_alternating_pulse_train_throttle_r1,1.572930115407039,1.5612905975893532,0.011881660266773465
17430,px4,OFFBOARD_ATTITUDE,20260411_021542_px4_attitude_alternating_pulse_train_throttle_r1,1.573394562440565,1.5614036686391781,0.012191693756773965
17431,px4,OFFBOARD_ATTITUDE,20260411_021542_px4_attitude_alternating_pulse_train_throttle_r1,1.5735814970084017,1.5615895783594975,0.012207090503703383
17432,px4,OFFBOARD_ATTITUDE,20260411_021542_px4_attitude_alternating_pulse_train_throttle_r1,1.5740041829467832,1.5620754936515415,0.012332805682867393
17433,px4,OFFBOARD_ATTITUDE,20260411_021542_px4_attitude_alternating_pulse_train_throttle_r1,1.5742762983360514,1.5622697533065861,0.012363271126164145
17434,px4,OFFBOARD_ATTITUDE,20260411_021542_px4_attitude_alternating_pulse_train_throttle_r1,1.574854072618073,1.5625965814748437,0.01274002977932378
17435,px4,OFFBOARD_ATTITUDE,20260411_021542_px4_attitude_alternating_pulse_train_throttle_r1,1.5753833857103408,1.5628975727354546,0.01320038375268986
17436,px4,OFFBOARD_ATTITUDE,20260411_021542_px4_attitude_alternating_pulse_train_throttle_r1,1.5756240681414817,1.5633042177052776,0.01296119988863501
17437,px4,OFFBOARD_ATTITUDE,20260411_021542_px4_attitude_alternating_pulse_train_throttle_r1,1.575826844149385,1.5637548247005937,0.012693240963613916
17438,px4,OFFBOARD_ATTITUDE,20260411_021542_px4_attitude_alternating_pulse_train_throttle_r1,1.5760675265621018,1.5639592521606862,0.012789089109290941
17439,px4,OFFBOARD_ATTITUDE,20260411_021542_px4_attitude_alternating_pulse_train_throttle_r1,1.5766250635772148,1.5641248298568682,0.01337466343054462
17440,px4,OFFBOARD_ATTITUDE,20260411_021542_px4_attitude_alternating_pulse_train_throttle_r1,1.577040829982019,1.5644260532965517,0.013639411931448143
17441,px4,OFFBOARD_ATTITUDE,20260411_021542_px4_attitude_alternating_pulse_train_throttle_r1,1.5773162578178728,1.5649131647216075,0.013309897237108643
17442,px4,OFFBOARD_ATTITUDE,20260411_021542_px4_attitude_alternating_pulse_train_throttle_r1,1.5782218459142856,1.5654348055452214,0.014046432712085465
17443,px4,OFFBOARD_ATTITUDE,20260411_021542_px4_attitude_alternating_pulse_train_throttle_r1,1.5787897220788216,1.5657250463687113,0.014639828967034304
17444,px4,OFFBOARD_ATTITUDE,20260411_021542_px4_attitude_alternating_pulse_train_throttle_r1,1.5792550803773084,1.5665053315355157,0.01435382666221023
17445,px4,OFFBOARD_ATTITUDE,20260411_021542_px4_attitude_alternating_pulse_train_throttle_r1,1.5796694341601412,1.567072964277214,0.014516611630059958
17446,px4,OFFBOARD_ATTITUDE,20260411_021542_px4_attitude_alternating_pulse_train_throttle_r1,1.579795676871537,1.5674271328458498,0.014303701217513827
17447,px4,OFFBOARD_ATTITUDE,20260411_021542_px4_attitude_alternating_pulse_train_throttle_r1,1.5795642130643197,1.5677203458454012,0.013771930350493202
17448,px4,OFFBOARD_ATTITUDE,20260411_021542_px4_attitude_alternating_pulse_train_throttle_r1,1.5792106988264871,1.567683606107231,0.013339366247540079
17449,px4,OFFBOARD_ATTITUDE,20260411_021542_px4_attitude_alternating_pulse_train_throttle_r1,1.5787581973216513,1.5672631446330376,0.01314662219366552
17450,px4,OFFBOARD_ATTITUDE,20260411_021542_px4_attitude_alternating_pulse_train_throttle_r1,1.5779014253143948,1.5667366993056204,0.012884603055559914
17451,px4,OFFBOARD_ATTITUDE,20260411_021542_px4_attitude_alternating_pulse_train_throttle_r1,1.5769565676527364,1.5661149470466607,0.012623492063598364
17452,px4,OFFBOARD_ATTITUDE,20260411_021542_px4_attitude_alternating_pulse_train_throttle_r1,1.5761982935616796,1.565173469415048,0.012709910263417567
17453,px4,OFFBOARD_ATTITUDE,20260411_021542_px4_attitude_alternating_pulse_train_throttle_r1,1.575271123119805,1.564273869886912,0.012652509299847618
17454,px4,OFFBOARD_ATTITUDE,20260411_021542_px4_attitude_alternating_pulse_train_throttle_r1,1.527988174076921,1.5635168553030745,0.03616713973229119
17455,px4,OFFBOARD_ATTITUDE,20260411_021542_px4_attitude_alternating_pulse_train_throttle_r1,1.5275812607001833,1.5623492675777442,0.035389939797861564
17456,px4,OFFBOARD_ATTITUDE,20260411_021542_px4_attitude_alternating_pulse_train_throttle_r1,1.5288949044865119,1.5148634720766314,0.015243032488221404
17457,px4,OFFBOARD_ATTITUDE,20260411_021542_px4_attitude_alternating_pulse_train_throttle_r1,1.5317223790555172,1.5145274411109655,0.01807874273782598
17458,px4,OFFBOARD_ATTITUDE,20260411_021542_px4_attitude_alternating_pulse_train_throttle_r1,1.5330009239395561,1.5159040487956965,0.01796458498693569
17459,px4,OFFBOARD_ATTITUDE,20260411_021542_px4_attitude_alternating_pulse_train_throttle_r1,1.5354468065911329,1.5187985376025777,0.017382328447730442
17460,px4,OFFBOARD_ATTITUDE,20260411_021542_px4_attitude_alternating_pulse_train_throttle_r1,1.536809982356014,1.5199623860038307,0.01748034800778339
17461,px4,OFFBOARD_ATTITUDE,20260411_021542_px4_attitude_alternating_pulse_train_throttle_r1,1.5381152382457244,1.5223606172440367,0.016425013065063204
17462,px4,OFFBOARD_ATTITUDE,20260411_021542_px4_attitude_alternating_pulse_train_throttle_r1,1.5405647821961397,1.5236254949683954,0.017512996391753948
17463,px4,OFFBOARD_ATTITUDE,20260411_021542_px4_attitude_alternating_pulse_train_throttle_r1,1.5424984846840932,1.5248077951253056,0.018325176899462094
17464,px4,OFFBOARD_ATTITUDE,20260411_021542_px4_attitude_alternating_pulse_train_throttle_r1,1.546096077747716,1.5265880265325933,0.02006595923437932
17465,px4,OFFBOARD_ATTITUDE,20260411_021542_px4_attitude_alternating_pulse_train_throttle_r1,1.549325867014606,1.5287938437618491,0.021108209473332872
17466,px4,OFFBOARD_ATTITUDE,20260411_021542_px4_attitude_alternating_pulse_train_throttle_r1,1.552121477013537,1.5324039752698817,0.020318537080387285
17467,px4,OFFBOARD_ATTITUDE,20260411_021542_px4_attitude_alternating_pulse_train_throttle_r1,1.5552029148526736,1.5353728962893287,0.020444584231426418
17468,px4,OFFBOARD_ATTITUDE,20260411_021542_px4_attitude_alternating_pulse_train_throttle_r1,1.5600683221543572,1.5383362134460747,0.02243356414257633
17469,px4,OFFBOARD_ATTITUDE,20260411_021542_px4_attitude_alternating_pulse_train_throttle_r1,1.563594670270492,1.541603938808404,0.022641917198578172
17470,px4,OFFBOARD_ATTITUDE,20260411_021542_px4_attitude_alternating_pulse_train_throttle_r1,1.5677192915443154,1.545541029433418,0.02279341377928595
17471,px4,OFFBOARD_ATTITUDE,20260411_021542_px4_attitude_alternating_pulse_train_throttle_r1,1.570402140871779,1.5499337610693422,0.021265591117712312
17472,px4,OFFBOARD_ATTITUDE,20260411_021542_px4_attitude_alternating_pulse_train_throttle_r1,1.5731205852651502,1.5538054213618924,0.020158627025762297
17473,px4,OFFBOARD_ATTITUDE,20260411_021542_px4_attitude_alternating_pulse_train_throttle_r1,1.5751745697141675,1.5564764748019546,0.01960300950151315
17474,px4,OFFBOARD_ATTITUDE,20260411_021542_px4_attitude_alternating_pulse_train_throttle_r1,1.5765254318081783,1.5591502246649132,0.018358214991012003
17475,px4,OFFBOARD_ATTITUDE,20260411_021542_px4_attitude_alternating_pulse_train_throttle_r1,1.577719249743738,1.5610539307247087,0.017673769214447903
17476,px4,OFFBOARD_ATTITUDE,20260411_021542_px4_attitude_alternating_pulse_train_throttle_r1,1.5788898158597782,1.5624495215223069,0.017497038241491132
17477,px4,OFFBOARD_ATTITUDE,20260411_021542_px4_attitude_alternating_pulse_train_throttle_r1,1.578927174428457,1.5634901335622695,0.016390881606115116
17478,px4,OFFBOARD_ATTITUDE,20260411_021542_px4_attitude_alternating_pulse_train_throttle_r1,1.57712313689875,1.5640149603669582,0.014079586264159148
17479,px4,OFFBOARD_ATTITUDE,20260411_021542_px4_attitude_alternating_pulse_train_throttle_r1,1.5703047857566481,1.5638328686718868,0.010670538399475306
17480,px4,OFFBOARD_ATTITUDE,20260411_021542_px4_attitude_alternating_pulse_train_throttle_r1,1.562723805538964,1.5617886280178008,0.008486985000515437
17481,px4,OFFBOARD_ATTITUDE,20260411_021542_px4_attitude_alternating_pulse_train_throttle_r1,1.548522436118842,1.5545560760270765,0.008177573366438443
17482,px4,OFFBOARD_ATTITUDE,20260411_021542_px4_attitude_alternating_pulse_train_throttle_r1,1.5308042808888662,1.5464511918256958,0.01749009701044575
17483,px4,OFFBOARD_ATTITUDE,20260411_021542_px4_attitude_alternating_pulse_train_throttle_r1,1.4960604750404536,1.5331791843263198,0.039631976113792
17484,px4,OFFBOARD_ATTITUDE,20260411_021542_px4_attitude_alternating_pulse_train_throttle_r1,1.4392965455896454,1.5128225161303661,0.07591286754629067
17485,px4,OFFBOARD_ATTITUDE,20260411_021542_px4_attitude_alternating_pulse_train_throttle_r1,1.3823671192420435,1.475455539109947,0.09491647556686157
17486,px4,OFFBOARD_ATTITUDE,20260411_021542_px4_attitude_alternating_pulse_train_throttle_r1,1.321742149541941,1.4154245685567655,0.09488832241215617
17487,px4,OFFBOARD_ATTITUDE,20260411_021542_px4_attitude_alternating_pulse_train_throttle_r1,1.2306557058075203,1.35924096934824,0.12923649479614277
17488,px4,OFFBOARD_ATTITUDE,20260411_021542_px4_attitude_alternating_pulse_train_throttle_r1,1.1601157123394699,1.2886648232342104,0.1289068794360308
17489,px4,OFFBOARD_ATTITUDE,20260411_021542_px4_attitude_alternating_pulse_train_throttle_r1,1.0409870054954034,1.218851603669804,0.1779270561099678
17490,px4,OFFBOARD_ATTITUDE,20260411_021542_px4_attitude_alternating_pulse_train_throttle_r1,0.9506831398493959,1.134052089715741,0.18339550123449644
17491,px4,OFFBOARD_ATTITUDE,20260411_021542_px4_attitude_alternating_pulse_train_throttle_r1,0.8481398789381839,1.0160521104288227,0.16803921760507243
17492,px4,OFFBOARD_ATTITUDE,20260411_021542_px4_attitude_alternating_pulse_train_throttle_r1,0.7917033373383149,0.9267856049595782,0.13528155979697956
17493,px4,OFFBOARD_ATTITUDE,20260411_021542_px4_attitude_alternating_pulse_train_throttle_r1,0.6520676254857067,0.831157042338092,0.17951099562988945
17494,px4,OFFBOARD_ATTITUDE,20260411_021542_px4_attitude_alternating_pulse_train_throttle_r1,0.5701466285655803,0.76338430489686,0.1938483272245315
17495,px4,OFFBOARD_ATTITUDE,20260411_021542_px4_attitude_alternating_pulse_train_throttle_r1,0.44689382905337566,0.6247459498383613,0.17866165013272584
17496,px4,OFFBOARD_ATTITUDE,20260411_021542_px4_attitude_alternating_pulse_train_throttle_r1,0.35865845262582186,0.5377550472061061,0.18012528766861777
17497,px4,OFFBOARD_ATTITUDE,20260411_021542_px4_attitude_alternating_pulse_train_throttle_r1,0.28618768727936805,0.4142874598697501,0.1318669941596722
17498,px4,OFFBOARD_ATTITUDE,20260411_021542_px4_attitude_alternating_pulse_train_throttle_r1,0.21198193276561683,0.33193438674296816,0.12337406830948275
17499,px4,OFFBOARD_ATTITUDE,20260411_021542_px4_attitude_alternating_pulse_train_throttle_r1,0.15783816047114857,0.25561524925623785,0.10112902693276192
17500,px4,OFFBOARD_ATTITUDE,20260411_021542_px4_attitude_alternating_pulse_train_throttle_r1,0.09928602691672352,0.19016050428379996,0.09519117904013567
17501,px4,OFFBOARD_ATTITUDE,20260411_021542_px4_attitude_alternating_pulse_train_throttle_r1,0.04662919406818075,0.1356518969748432,0.1032075168975554
17502,px4,OFFBOARD_ATTITUDE,20260411_021542_px4_attitude_alternating_pulse_train_throttle_r1,0.04393906516134986,0.0824433999794052,0.09896775548145136
17503,px4,OFFBOARD_ATTITUDE,20260411_021542_px4_attitude_alternating_pulse_train_throttle_r1,0.061566945103938946,0.030544037627472886,0.06580149390757438
17504,px4,OFFBOARD_ATTITUDE,20260411_021542_px4_attitude_alternating_pulse_train_throttle_r1,0.08651705950741435,0.03638908907222411,0.06430497550899768
17505,px4,OFFBOARD_ATTITUDE,20260411_021542_px4_attitude_alternating_pulse_train_throttle_r1,0.11630180859680778,0.05559653030102353,0.07096248333193464
17506,px4,OFFBOARD_ATTITUDE,20260411_021542_px4_attitude_alternating_pulse_train_throttle_r1,0.13733406771537934,0.0824288486991974,0.06066615423623989
17507,px4,OFFBOARD_ATTITUDE,20260411_021542_px4_attitude_alternating_pulse_train_throttle_r1,0.15250463949984916,0.11022175155327447,0.04567163085774782
17508,px4,OFFBOARD_ATTITUDE,20260411_021542_px4_attitude_alternating_pulse_train_throttle_r1,0.16365988535290943,0.13552886325132077,0.03125822807749373
17509,px4,OFFBOARD_ATTITUDE,20260411_021542_px4_attitude_alternating_pulse_train_throttle_r1,0.1745313496905377,0.15671650640278406,0.019692636112353952
17510,px4,OFFBOARD_ATTITUDE,20260411_021542_px4_attitude_alternating_pulse_train_throttle_r1,0.17838954007315572,0.16761851432443137,0.011945197253233583
17511,px4,OFFBOARD_ATTITUDE,20260411_021542_px4_attitude_alternating_pulse_train_throttle_r1,0.1773822249656199,0.18073305392679567,0.014460944099130867
17512,px4,OFFBOARD_ATTITUDE,20260411_021542_px4_attitude_alternating_pulse_train_throttle_r1,0.17523827508880824,0.18659462226371026,0.02514608187605134
17513,px4,OFFBOARD_ATTITUDE,20260411_021542_px4_attitude_alternating_pulse_train_throttle_r1,0.16928264952187994,0.18800994219102116,0.03067876204491118
17514,px4,OFFBOARD_ATTITUDE,20260411_021542_px4_attitude_alternating_pulse_train_throttle_r1,0.1621540274297771,0.1878306041289362,0.03635027439570543
17515,px4,OFFBOARD_ATTITUDE,20260411_021542_px4_attitude_alternating_pulse_train_throttle_r1,0.15264868851424881,0.18453598122399914,0.04122485826816703
17516,px4,OFFBOARD_ATTITUDE,20260411_021542_px4_attitude_alternating_pulse_train_throttle_r1,0.1401632398428664,0.1785166700085584,0.04698744582939103
17517,px4,OFFBOARD_ATTITUDE,20260411_021542_px4_attitude_alternating_pulse_train_throttle_r1,0.12814122636322042,0.17147239846793408,0.05008029314232452
17518,px4,OFFBOARD_ATTITUDE,20260411_021542_px4_attitude_alternating_pulse_train_throttle_r1,0.10794129168700224,0.14820436488347266,0.047106143255373996
17519,px4,OFFBOARD_ATTITUDE,20260411_021542_px4_attitude_alternating_pulse_train_throttle_r1,0.09151037285088783,0.13580094934364192,0.049341129910526034
17520,px4,OFFBOARD_ATTITUDE,20260411_021542_px4_attitude_alternating_pulse_train_throttle_r1,0.0770380821570441,0.12303312265179304,0.05066755321261134
17521,px4,OFFBOARD_ATTITUDE,20260411_021542_px4_attitude_alternating_pulse_train_throttle_r1,0.061270877642127214,0.10982213669130703,0.05619842356199863
17522,px4,OFFBOARD_ATTITUDE,20260411_021542_px4_attitude_alternating_pulse_train_throttle_r1,0.04792752669781797,0.09794932268791226,0.05998073591844787
17523,px4,OFFBOARD_ATTITUDE,20260411_021542_px4_attitude_alternating_pulse_train_throttle_r1,0.03576510003659908,0.08438387577349808,0.058846095371542506
17524,px4,OFFBOARD_ATTITUDE,20260411_021542_px4_attitude_alternating_pulse_train_throttle_r1,0.02643851353448117,0.08390342995355396,0.07685143906832831
17525,px4,OFFBOARD_ATTITUDE,20260411_021542_px4_attitude_alternating_pulse_train_throttle_r1,0.02744331390322752,0.0713247087573741,0.07763073395358164
17526,px4,OFFBOARD_ATTITUDE,20260411_021542_px4_attitude_alternating_pulse_train_throttle_r1,0.03007475187582164,0.05593902735911826,0.07091727798758854
17527,px4,OFFBOARD_ATTITUDE,20260411_021542_px4_attitude_alternating_pulse_train_throttle_r1,0.03717409459891035,0.043049514077206794,0.06610800429057953
17528,px4,OFFBOARD_ATTITUDE,20260411_021542_px4_attitude_alternating_pulse_train_throttle_r1,0.04376448771059092,0.033751358833012376,0.06354606659873102
17529,px4,OFFBOARD_ATTITUDE,20260411_021542_px4_attitude_alternating_pulse_train_throttle_r1,0.0503891971935217,0.029561559569117653,0.061191876677536436
17530,px4,OFFBOARD_ATTITUDE,20260411_021542_px4_attitude_alternating_pulse_train_throttle_r1,0.05686128366143184,0.030028877251063575,0.06006038308505905
17531,px4,OFFBOARD_ATTITUDE,20260411_021542_px4_attitude_alternating_pulse_train_throttle_r1,0.06232360046562702,0.03196518126771697,0.05915799408871617
17532,px4,OFFBOARD_ATTITUDE,20260411_021542_px4_attitude_alternating_pulse_train_throttle_r1,0.06595311261959483,0.034868705945373786,0.05470791854912794
17533,px4,OFFBOARD_ATTITUDE,20260411_021542_px4_attitude_alternating_pulse_train_throttle_r1,0.06920103754174878,0.03455911622843188,0.05058592422828427
17534,px4,OFFBOARD_ATTITUDE,20260411_021542_px4_attitude_alternating_pulse_train_throttle_r1,0.07213936830841661,0.038328283123560125,0.048433876210753395
17535,px4,OFFBOARD_ATTITUDE,20260411_021542_px4_attitude_alternating_pulse_train_throttle_r1,0.07499872838335249,0.037828634000598,0.04410477705213723
17536,px4,OFFBOARD_ATTITUDE,20260411_021542_px4_attitude_alternating_pulse_train_throttle_r1,0.0749515149324893,0.03944475020564122,0.03757722194681938
17537,px4,OFFBOARD_ATTITUDE,20260411_021542_px4_attitude_alternating_pulse_train_throttle_r1,0.07254017298447708,0.030257329092377633,0.04310590179618645
17538,px4,OFFBOARD_ATTITUDE,20260411_021542_px4_attitude_alternating_pulse_train_throttle_r1,0.07048593942111236,0.03260613598441242,0.038712565324931
17539,px4,OFFBOARD_ATTITUDE,20260411_021542_px4_attitude_alternating_pulse_train_throttle_r1,0.06830246701649867,0.03508252431000389,0.03340360101001726
17540,px4,OFFBOARD_ATTITUDE,20260411_021542_px4_attitude_alternating_pulse_train_throttle_r1,0.06490860919631666,0.039198052490019474,0.02600673482282168
17541,px4,OFFBOARD_ATTITUDE,20260411_021542_px4_attitude_alternating_pulse_train_throttle_r1,0.061257329924900385,0.04279132000834047,0.019382887589081098
17542,px4,OFFBOARD_ATTITUDE,20260411_021542_px4_attitude_alternating_pulse_train_throttle_r1,0.056439315234939086,0.04610655306668616,0.014344890428541148
17543,px4,OFFBOARD_ATTITUDE,20260411_021542_px4_attitude_alternating_pulse_train_throttle_r1,0.05343804959754401,0.04900609546799163,0.015964319962927846
17544,px4,OFFBOARD_ATTITUDE,20260411_021542_px4_attitude_alternating_pulse_train_throttle_r1,0.05069856607452774,0.06196609399675849,0.02515364603615684
17545,px4,OFFBOARD_ATTITUDE,20260411_021542_px4_attitude_alternating_pulse_train_throttle_r1,0.04867051024221609,0.06015728663374917,0.02588723562016672
17546,px4,OFFBOARD_ATTITUDE,20260411_021542_px4_attitude_alternating_pulse_train_throttle_r1,0.04771539953591626,0.05542970961982427,0.025680336734217935
17547,px4,OFFBOARD_ATTITUDE,20260411_021542_px4_attitude_alternating_pulse_train_throttle_r1,0.04215412601738957,0.05102775128967189,0.02048305671008237
17548,px4,OFFBOARD_ATTITUDE,20260411_021542_px4_attitude_alternating_pulse_train_throttle_r1,0.04081089224233292,0.04870744731019312,0.020889512302861922
17549,px4,OFFBOARD_ATTITUDE,20260411_021542_px4_attitude_alternating_pulse_train_throttle_r1,0.04122750824503063,0.04196134185731639,0.02142723324528833
17550,px4,OFFBOARD_ATTITUDE,20260411_021542_px4_attitude_alternating_pulse_train_throttle_r1,0.04201695891531658,0.03963105873073524,0.01576867690107773
17551,px4,OFFBOARD_ATTITUDE,20260411_021542_px4_attitude_alternating_pulse_train_throttle_r1,0.043339295270760414,0.038324803318602475,0.014071717014842194
17552,px4,OFFBOARD_ATTITUDE,20260411_021542_px4_attitude_alternating_pulse_train_throttle_r1,0.04085706200655283,0.037692304002109794,0.010550608787876645
17553,px4,OFFBOARD_ATTITUDE,20260411_021542_px4_attitude_alternating_pulse_train_throttle_r1,0.030440458993943226,0.03704616066604922,0.009264163489259096
17554,px4,OFFBOARD_ATTITUDE,20260411_021542_px4_attitude_alternating_pulse_train_throttle_r1,0.025004359300522416,0.03427803999046997,0.014509788513199649
17555,px4,OFFBOARD_ATTITUDE,20260411_021542_px4_attitude_alternating_pulse_train_throttle_r1,0.019945311351236016,0.02732696542168136,0.019671553269225726
17556,px4,OFFBOARD_ATTITUDE,20260411_021542_px4_attitude_alternating_pulse_train_throttle_r1,0.020508815407698725,0.024387065614839366,0.02277805068317597
17557,px4,OFFBOARD_ATTITUDE,20260411_021542_px4_attitude_alternating_pulse_train_throttle_r1,0.01945918129058689,0.02267079531676619,0.02128413060600774
17558,px4,OFFBOARD_ATTITUDE,20260411_021542_px4_attitude_alternating_pulse_train_throttle_r1,0.01961052046492524,0.03095310524708974,0.02424384508195146
17559,px4,OFFBOARD_ATTITUDE,20260411_021542_px4_attitude_alternating_pulse_train_throttle_r1,0.021309775293773023,0.029062159712812886,0.024290228294848695
17560,px4,OFFBOARD_ATTITUDE,20260411_021542_px4_attitude_alternating_pulse_train_throttle_r1,0.01975653219793623,0.029703405851525966,0.026187318996289795
17561,px4,OFFBOARD_ATTITUDE,20260411_021542_px4_attitude_alternating_pulse_train_throttle_r1,0.018029433329516047,0.0334952027476284,0.03303161478329393
17562,px4,OFFBOARD_ATTITUDE,20260411_021542_px4_attitude_alternating_pulse_train_throttle_r1,0.01679113728383041,0.03231363216822447,0.03390454432532054
17563,px4,OFFBOARD_ATTITUDE,20260411_021542_px4_attitude_alternating_pulse_train_throttle_r1,0.020422543234312366,0.028638025742569944,0.034166424443637475
17564,px4,OFFBOARD_ATTITUDE,20260411_021542_px4_attitude_alternating_pulse_train_throttle_r1,0.02360342143836444,0.02587694324603488,0.035124078285430724
17565,px4,OFFBOARD_ATTITUDE,20260411_021542_px4_attitude_alternating_pulse_train_throttle_r1,0.02572811957407721,0.03347858660572054,0.04295902644282335
17566,px4,OFFBOARD_ATTITUDE,20260411_021542_px4_attitude_alternating_pulse_train_throttle_r1,0.02294047786213441,0.03610155097895042,0.04342679627389932
17567,px4,OFFBOARD_ATTITUDE,20260411_021542_px4_attitude_alternating_pulse_train_throttle_r1,0.01684636710633426,0.03690093242357411,0.042146966941949776
17568,px4,OFFBOARD_ATTITUDE,20260411_021542_px4_attitude_alternating_pulse_train_throttle_r1,0.015064716539731701,0.03508948082146012,0.04122554159638266
17569,px4,OFFBOARD_ATTITUDE,20260411_021542_px4_attitude_alternating_pulse_train_throttle_r1,0.013749401323891613,0.03179424088672849,0.039791984139973084
17570,px4,OFFBOARD_ATTITUDE,20260411_021542_px4_attitude_alternating_pulse_train_throttle_r1,0.01237126961234924,0.029950092562535842,0.03868604967495979
17571,px4,OFFBOARD_ATTITUDE,20260411_021542_px4_attitude_alternating_pulse_train_throttle_r1,0.013233386126510812,0.028337508264904138,0.03910609610579793
17572,px4,OFFBOARD_ATTITUDE,20260411_021542_px4_attitude_alternating_pulse_train_throttle_r1,0.018702281324074192,0.027114626762268453,0.04111032397855883
17573,px4,OFFBOARD_ATTITUDE,20260411_021542_px4_attitude_alternating_pulse_train_throttle_r1,0.021753587047399478,0.025297350390834958,0.03946607105085875
17574,px4,OFFBOARD_ATTITUDE,20260411_021542_px4_attitude_alternating_pulse_train_throttle_r1,0.026946492189084046,0.02520611412937298,0.03908393869542372
17575,px4,OFFBOARD_ATTITUDE,20260411_021542_px4_attitude_alternating_pulse_train_throttle_r1,0.027239752226003,0.024862805345771864,0.03561341745985663
17576,px4,OFFBOARD_ATTITUDE,20260411_021542_px4_attitude_alternating_pulse_train_throttle_r1,0.03355667488397712,0.027742371917149476,0.03533785654124649
17577,px4,OFFBOARD_ATTITUDE,20260411_021542_px4_attitude_alternating_pulse_train_throttle_r1,0.03186173996891895,0.03864690589770321,0.044500238164727896
17578,px4,OFFBOARD_ATTITUDE,20260411_021542_px4_attitude_alternating_pulse_train_throttle_r1,0.03169226212707641,0.04243055080630164,0.04358083530085703
17579,px4,OFFBOARD_ATTITUDE,20260411_021542_px4_attitude_alternating_pulse_train_throttle_r1,0.030141246027982942,0.03793027952774918,0.03878719887486958
17580,px4,OFFBOARD_ATTITUDE,20260411_021542_px4_attitude_alternating_pulse_train_throttle_r1,0.03087225772385595,0.03365908417158284,0.0333621291161034
17581,px4,OFFBOARD_ATTITUDE,20260411_021542_px4_attitude_alternating_pulse_train_throttle_r1,0.03552936556621243,0.02917342002882723,0.030658674343840956
17582,px4,OFFBOARD_ATTITUDE,20260411_021542_px4_attitude_alternating_pulse_train_throttle_r1,0.03809812568657569,0.029003094697891765,0.029542140098807148
17583,px4,OFFBOARD_ATTITUDE,20260411_021542_px4_attitude_alternating_pulse_train_throttle_r1,0.04067668319733483,0.0413466647212732,0.03303754048315785
17584,px4,OFFBOARD_ATTITUDE,20260411_021542_px4_attitude_alternating_pulse_train_throttle_r1,0.040960430414605536,0.05337166271127218,0.03746933731419565
17585,px4,OFFBOARD_ATTITUDE,20260411_021542_px4_attitude_alternating_pulse_train_throttle_r1,0.035914267764436944,0.060737306273690596,0.041516093191507654
17586,px4,OFFBOARD_ATTITUDE,20260411_021542_px4_attitude_alternating_pulse_train_throttle_r1,0.03181738311062481,0.06269187451545186,0.041969643479160934
17587,px4,OFFBOARD_ATTITUDE,20260411_021542_px4_attitude_alternating_pulse_train_throttle_r1,0.025546252334901935,0.05739519636518462,0.03744272002894735
17588,px4,OFFBOARD_ATTITUDE,20260411_021542_px4_attitude_alternating_pulse_train_throttle_r1,0.022065551644491456,0.05333821065316662,0.03558550123426251
17589,px4,OFFBOARD_ATTITUDE,20260411_021542_px4_attitude_alternating_pulse_train_throttle_r1,0.02331205317412736,0.046379209178075,0.033008715325206356
17590,px4,OFFBOARD_ATTITUDE,20260411_021542_px4_attitude_alternating_pulse_train_throttle_r1,0.02603996381860276,0.034169443756573444,0.025011378266690882
17591,px4,OFFBOARD_ATTITUDE,20260411_021542_px4_attitude_alternating_pulse_train_throttle_r1,0.03357929696708871,0.026660492012120056,0.028997576670649314
17592,px4,OFFBOARD_ATTITUDE,20260411_021542_px4_attitude_alternating_pulse_train_throttle_r1,0.03748582406422281,0.02019980570377615,0.029430955679992234
17593,px4,OFFBOARD_ATTITUDE,20260411_021542_px4_attitude_alternating_pulse_train_throttle_r1,0.041234664650395145,0.012885890371182585,0.030147986853780527
17594,px4,OFFBOARD_ATTITUDE,20260411_021542_px4_attitude_alternating_pulse_train_throttle_r1,0.04349895098406401,0.014128771050422616,0.03237860052163256
17595,px4,OFFBOARD_ATTITUDE,20260411_021542_px4_attitude_alternating_pulse_train_throttle_r1,0.04595347083487219,0.018561283050332264,0.030368472305585533
17596,px4,OFFBOARD_ATTITUDE,20260411_021542_px4_attitude_alternating_pulse_train_throttle_r1,0.04760386477428264,0.02295949027082368,0.026483913415010645
17597,px4,OFFBOARD_ATTITUDE,20260411_021542_px4_attitude_alternating_pulse_train_throttle_r1,0.04958590279950307,0.04401766855920778,0.013291944869270043
17598,px4,OFFBOARD_ATTITUDE,20260411_021542_px4_attitude_alternating_pulse_train_throttle_r1,0.05409449815043479,0.056818107285627584,0.011981055805438774
17599,px4,OFFBOARD_ATTITUDE,20260411_021542_px4_attitude_alternating_pulse_train_throttle_r1,0.06410413525397096,0.06169120503536994,0.013616055246657177
17600,px4,OFFBOARD_ATTITUDE,20260411_021542_px4_attitude_alternating_pulse_train_throttle_r1,0.07167659504249344,0.060871782301517935,0.017106819409220087
17601,px4,OFFBOARD_ATTITUDE,20260411_021542_px4_attitude_alternating_pulse_train_throttle_r1,0.0748503135703388,0.060169290432780985,0.019248665998733126
17602,px4,OFFBOARD_ATTITUDE,20260411_021542_px4_attitude_alternating_pulse_train_throttle_r1,0.0768422208803043,0.06068424821909497,0.02561720439813598
17603,px4,OFFBOARD_ATTITUDE,20260411_021542_px4_attitude_alternating_pulse_train_throttle_r1,0.07737470018348719,0.06171464464912981,0.028855410742445936
17604,px4,OFFBOARD_ATTITUDE,20260411_021542_px4_attitude_alternating_pulse_train_throttle_r1,0.07769191826893185,0.06534184616045859,0.026510465515973355
17605,px4,OFFBOARD_ATTITUDE,20260411_021542_px4_attitude_alternating_pulse_train_throttle_r1,0.07622880216790698,0.06849069655223217,0.024219753785250427
17606,px4,OFFBOARD_ATTITUDE,20260411_021542_px4_attitude_alternating_pulse_train_throttle_r1,0.074250280361142,0.06864237067295845,0.022976805988714866
17607,px4,OFFBOARD_ATTITUDE,20260411_021542_px4_attitude_alternating_pulse_train_throttle_r1,0.0705855274851991,0.06876822464542214,0.02098907468067148
17608,px4,OFFBOARD_ATTITUDE,20260411_021542_px4_attitude_alternating_pulse_train_throttle_r1,0.06560382021781025,0.06616315759111975,0.021193642064287446
17609,px4,OFFBOARD_ATTITUDE,20260411_021542_px4_attitude_alternating_pulse_train_throttle_r1,0.06093690810854862,0.0618570208125766,0.022561725837618004
17610,px4,OFFBOARD_ATTITUDE,20260411_021542_px4_attitude_alternating_pulse_train_throttle_r1,0.05520453498560355,0.05419919450511398,0.022779385244709665
17611,px4,OFFBOARD_ATTITUDE,20260411_021542_px4_attitude_alternating_pulse_train_throttle_r1,0.048202117136810586,0.04538264552429923,0.022215075281681727
17612,px4,OFFBOARD_ATTITUDE,20260411_021542_px4_attitude_alternating_pulse_train_throttle_r1,0.0421018105360876,0.03936047940360192,0.02331317326562209
17613,px4,OFFBOARD_ATTITUDE,20260411_021542_px4_attitude_alternating_pulse_train_throttle_r1,0.03553686265001209,0.03253999225569512,0.023702115330178658
17614,px4,OFFBOARD_ATTITUDE,20260411_021542_px4_attitude_alternating_pulse_train_throttle_r1,0.029511969640320854,0.02721176869538212,0.026393318195627468
17615,px4,OFFBOARD_ATTITUDE,20260411_021542_px4_attitude_alternating_pulse_train_throttle_r1,0.05932769586569862,0.024865722170982943,0.06113202192707218
17616,px4,OFFBOARD_ATTITUDE,20260411_021542_px4_attitude_alternating_pulse_train_throttle_r1,0.1368620161410006,0.02374084628147679,0.13308187255681042
17617,px4,OFFBOARD_ATTITUDE,20260411_021542_px4_attitude_alternating_pulse_train_throttle_r1,0.18424165243502671,0.0670109302323239,0.1217867947973845
17618,px4,OFFBOARD_ATTITUDE,20260411_021542_px4_attitude_alternating_pulse_train_throttle_r1,0.18842580948360585,0.16006612365895842,0.06296642137308746
17619,px4,OFFBOARD_ATTITUDE,20260411_021542_px4_attitude_alternating_pulse_train_throttle_r1,0.44370638203539836,0.2218252632930104,0.22420601498356876
17620,px4,OFFBOARD_ATTITUDE,20260411_021542_px4_attitude_alternating_pulse_train_throttle_r1,0.6739212192936794,0.21143169289291458,0.465749563228408
17621,px4,OFFBOARD_ATTITUDE,20260411_021542_px4_attitude_alternating_pulse_train_throttle_r1,0.9631698933707544,0.49911182472707405,0.46662072592960613
17622,px4,OFFBOARD_ATTITUDE,20260411_021542_px4_attitude_alternating_pulse_train_throttle_r1,1.2235338829799194,0.7814377329874378,0.4446087659359067
17623,px4,OFFBOARD_ATTITUDE,20260411_021542_px4_attitude_alternating_pulse_train_throttle_r1,1.4931655844219405,1.117586061113843,0.3788690861950942
17624,px4,OFFBOARD_ATTITUDE,20260411_021542_px4_attitude_alternating_pulse_train_throttle_r1,1.7453920747745129,1.3995918725334686,0.34888374558089696
17625,px4,OFFBOARD_ATTITUDE,20260411_021542_px4_attitude_alternating_pulse_train_throttle_r1,1.9566685430271278,1.6652241262748693,0.2939227863562781
17626,px4,OFFBOARD_ATTITUDE,20260411_021542_px4_attitude_alternating_pulse_train_throttle_r1,2.1277497598641952,1.88429115562132,0.2494980611819067
17627,px4,OFFBOARD_ATTITUDE,20260411_021542_px4_attitude_alternating_pulse_train_throttle_r1,2.2574730874000455,2.050526918340765,0.21862678008764214
17628,px4,OFFBOARD_ATTITUDE,20260411_021542_px4_attitude_alternating_pulse_train_throttle_r1,2.3201368063421715,2.1624186072287124,0.16807017222986056
17629,px4,OFFBOARD_ATTITUDE,20260411_021542_px4_attitude_alternating_pulse_train_throttle_r1,2.3256044387802497,2.237977136422474,0.09398390982278068
17630,px4,OFFBOARD_ATTITUDE,20260411_021542_px4_attitude_alternating_pulse_train_throttle_r1,2.290114175812887,2.272150929359251,0.02842235884050996
17631,px4,OFFBOARD_ATTITUDE,20260411_021542_px4_attitude_alternating_pulse_train_throttle_r1,2.197360702957511,2.269737582988916,0.07604390779784158
17632,px4,OFFBOARD_ATTITUDE,20260411_021542_px4_attitude_alternating_pulse_train_throttle_r1,2.0797547420121436,2.2406204490040498,0.16366669441933412
17633,px4,OFFBOARD_ATTITUDE,20260411_021542_px4_attitude_alternating_pulse_train_throttle_r1,1.9226908764450394,2.165035819859926,0.24485223238725878
17634,px4,OFFBOARD_ATTITUDE,20260411_021542_px4_attitude_alternating_pulse_train_throttle_r1,1.7318861682640103,2.0632653624141826,0.33423410436919265
17635,px4,OFFBOARD_ATTITUDE,20260411_021542_px4_attitude_alternating_pulse_train_throttle_r1,1.5022180157694,1.9230851997509244,0.42400787752967595
18386,px4,OFFBOARD_ATTITUDE,20260411_021827_px4_attitude_alternating_pulse_train_throttle_r1,1.5562970577264628,1.5496765280002556,0.0071302854635656235
18387,px4,OFFBOARD_ATTITUDE,20260411_021827_px4_attitude_alternating_pulse_train_throttle_r1,1.5562796981084313,1.5496538476910062,0.007276143417492057
18388,px4,OFFBOARD_ATTITUDE,20260411_021827_px4_attitude_alternating_pulse_train_throttle_r1,1.556324659277009,1.5496293700352959,0.00726482608711943
18389,px4,OFFBOARD_ATTITUDE,20260411_021827_px4_attitude_alternating_pulse_train_throttle_r1,1.5564043786065846,1.5496066960008186,0.0072181086937017315
18390,px4,OFFBOARD_ATTITUDE,20260411_021827_px4_attitude_alternating_pulse_train_throttle_r1,1.5565623913103401,1.5496200390288042,0.007456543713804568
18391,px4,OFFBOARD_ATTITUDE,20260411_021827_px4_attitude_alternating_pulse_train_throttle_r1,1.5567880346364389,1.5496701977606289,0.007742227538082761
18392,px4,OFFBOARD_ATTITUDE,20260411_021827_px4_attitude_alternating_pulse_train_throttle_r1,1.5571758409976546,1.5498070472779468,0.00789919713834636
18393,px4,OFFBOARD_ATTITUDE,20260411_021827_px4_attitude_alternating_pulse_train_throttle_r1,1.5573208357351083,1.5500545841281148,0.007674956529778778
18394,px4,OFFBOARD_ATTITUDE,20260411_021827_px4_attitude_alternating_pulse_train_throttle_r1,1.5574257220876981,1.550432624767257,0.007483213193483196
18395,px4,OFFBOARD_ATTITUDE,20260411_021827_px4_attitude_alternating_pulse_train_throttle_r1,1.5575049594883794,1.5506079340272734,0.0074728890393534805
18396,px4,OFFBOARD_ATTITUDE,20260411_021827_px4_attitude_alternating_pulse_train_throttle_r1,1.5574961762262367,1.5507275982945667,0.0072598260195152545
18397,px4,OFFBOARD_ATTITUDE,20260411_021827_px4_attitude_alternating_pulse_train_throttle_r1,1.557480507732417,1.5508445291872013,0.0071633958227426565
18398,px4,OFFBOARD_ATTITUDE,20260411_021827_px4_attitude_alternating_pulse_train_throttle_r1,1.5574293552831833,1.5509295432429582,0.006956897611267823
18399,px4,OFFBOARD_ATTITUDE,20260411_021827_px4_attitude_alternating_pulse_train_throttle_r1,1.5573540765057383,1.550955026483366,0.006924336865342909
18400,px4,OFFBOARD_ATTITUDE,20260411_021827_px4_attitude_alternating_pulse_train_throttle_r1,1.557205886901856,1.5509397137485683,0.006808636585672531
18401,px4,OFFBOARD_ATTITUDE,20260411_021827_px4_attitude_alternating_pulse_train_throttle_r1,1.5570879927448387,1.5508698309628979,0.006781446544889038
18402,px4,OFFBOARD_ATTITUDE,20260411_021827_px4_attitude_alternating_pulse_train_throttle_r1,1.5569527042849411,1.5507711993959563,0.006674190173500046
18403,px4,OFFBOARD_ATTITUDE,20260411_021827_px4_attitude_alternating_pulse_train_throttle_r1,1.556819031325201,1.5506547571201388,0.006717017616562348
18404,px4,OFFBOARD_ATTITUDE,20260411_021827_px4_attitude_alternating_pulse_train_throttle_r1,1.556658981086887,1.5505359726149754,0.0065965291126311824
18405,px4,OFFBOARD_ATTITUDE,20260411_021827_px4_attitude_alternating_pulse_train_throttle_r1,1.5563681523743207,1.550427621913402,0.006449306930303216
18406,px4,OFFBOARD_ATTITUDE,20260411_021827_px4_attitude_alternating_pulse_train_throttle_r1,1.5559835485285989,1.5502943169250412,0.006110194057615669
18407,px4,OFFBOARD_ATTITUDE,20260411_021827_px4_attitude_alternating_pulse_train_throttle_r1,1.5556587966324755,1.5500751386724083,0.006080745411268244
18408,px4,OFFBOARD_ATTITUDE,20260411_021827_px4_attitude_alternating_pulse_train_throttle_r1,1.5554724286816315,1.5497167564357603,0.0062973935781526795
18409,px4,OFFBOARD_ATTITUDE,20260411_021827_px4_attitude_alternating_pulse_train_throttle_r1,1.5552239977366815,1.5494622624442107,0.006286591200009239
18410,px4,OFFBOARD_ATTITUDE,20260411_021827_px4_attitude_alternating_pulse_train_throttle_r1,1.5550153562916795,1.5492238884456264,0.006324150543532616
18411,px4,OFFBOARD_ATTITUDE,20260411_021827_px4_attitude_alternating_pulse_train_throttle_r1,1.5549760678034352,1.5489413724784136,0.006565654522513826
18412,px4,OFFBOARD_ATTITUDE,20260411_021827_px4_attitude_alternating_pulse_train_throttle_r1,1.5550885547500017,1.5487288862355448,0.0067974036162309895
18413,px4,OFFBOARD_ATTITUDE,20260411_021827_px4_attitude_alternating_pulse_train_throttle_r1,1.5552139939449596,1.5487080249208256,0.006861184689348923
18414,px4,OFFBOARD_ATTITUDE,20260411_021827_px4_attitude_alternating_pulse_train_throttle_r1,1.5554879280161746,1.548812153442132,0.007187972707749073
18415,px4,OFFBOARD_ATTITUDE,20260411_021827_px4_attitude_alternating_pulse_train_throttle_r1,1.5557035880113608,1.548980064832982,0.007282162339578731
18416,px4,OFFBOARD_ATTITUDE,20260411_021827_px4_attitude_alternating_pulse_train_throttle_r1,1.555900992994524,1.549239492226962,0.007126964626511977
18417,px4,OFFBOARD_ATTITUDE,20260411_021827_px4_attitude_alternating_pulse_train_throttle_r1,1.5560121064483203,1.5495138020134978,0.006968333933925021
18418,px4,OFFBOARD_ATTITUDE,20260411_021827_px4_attitude_alternating_pulse_train_throttle_r1,1.5561391395612476,1.5498149559172107,0.006882252461278596
18419,px4,OFFBOARD_ATTITUDE,20260411_021827_px4_attitude_alternating_pulse_train_throttle_r1,1.5564146911770689,1.5499488487055155,0.006980047050615276
18420,px4,OFFBOARD_ATTITUDE,20260411_021827_px4_attitude_alternating_pulse_train_throttle_r1,1.5566764252997345,1.5501785470876908,0.006962511186894909
18421,px4,OFFBOARD_ATTITUDE,20260411_021827_px4_attitude_alternating_pulse_train_throttle_r1,1.5569360137972472,1.5505174715199777,0.006973448163175855
18422,px4,OFFBOARD_ATTITUDE,20260411_021827_px4_attitude_alternating_pulse_train_throttle_r1,1.5571134025477045,1.550802276662583,0.006781450280860977
18423,px4,OFFBOARD_ATTITUDE,20260411_021827_px4_attitude_alternating_pulse_train_throttle_r1,1.55710947436928,1.5510965874037712,0.0065431189128247955
18424,px4,OFFBOARD_ATTITUDE,20260411_021827_px4_attitude_alternating_pulse_train_throttle_r1,1.5570468866031628,1.551270082305197,0.0062448892287953256
18425,px4,OFFBOARD_ATTITUDE,20260411_021827_px4_attitude_alternating_pulse_train_throttle_r1,1.5568002037224926,1.551266707159063,0.006002961493763424
18426,px4,OFFBOARD_ATTITUDE,20260411_021827_px4_attitude_alternating_pulse_train_throttle_r1,1.5564496517676198,1.5511972758469241,0.0058271635806761354
18427,px4,OFFBOARD_ATTITUDE,20260411_021827_px4_attitude_alternating_pulse_train_throttle_r1,1.5562130324270969,1.5510036061037908,0.005692956885665281
18428,px4,OFFBOARD_ATTITUDE,20260411_021827_px4_attitude_alternating_pulse_train_throttle_r1,1.5557047529689283,1.5507355910166662,0.005529698846738007
18429,px4,OFFBOARD_ATTITUDE,20260411_021827_px4_attitude_alternating_pulse_train_throttle_r1,1.555472519978112,1.5504943361669974,0.0055471514434449086
18430,px4,OFFBOARD_ATTITUDE,20260411_021827_px4_attitude_alternating_pulse_train_throttle_r1,1.5550487201714998,1.550088345953784,0.005551878540566227
18431,px4,OFFBOARD_ATTITUDE,20260411_021827_px4_attitude_alternating_pulse_train_throttle_r1,1.5546158532227246,1.5498823702833084,0.005322600467005609
18432,px4,OFFBOARD_ATTITUDE,20260411_021827_px4_attitude_alternating_pulse_train_throttle_r1,1.5538742383413615,1.5495074567811429,0.005041331181033473
18433,px4,OFFBOARD_ATTITUDE,20260411_021827_px4_attitude_alternating_pulse_train_throttle_r1,1.5534824748846983,1.549086066026836,0.005126665026761518
18434,px4,OFFBOARD_ATTITUDE,20260411_021827_px4_attitude_alternating_pulse_train_throttle_r1,1.552669384181145,1.5484535120322482,0.004991058687003544
18435,px4,OFFBOARD_ATTITUDE,20260411_021827_px4_attitude_alternating_pulse_train_throttle_r1,1.5519880444574459,1.5480380330263672,0.0047424242302923
18436,px4,OFFBOARD_ATTITUDE,20260411_021827_px4_attitude_alternating_pulse_train_throttle_r1,1.5513466873167214,1.5471937104046047,0.004833325830300059
18437,px4,OFFBOARD_ATTITUDE,20260411_021827_px4_attitude_alternating_pulse_train_throttle_r1,1.550811048562929,1.5464383252072973,0.005128392206296029
18438,px4,OFFBOARD_ATTITUDE,20260411_021827_px4_attitude_alternating_pulse_train_throttle_r1,1.5502118177253534,1.545839027247564,0.0050918574312032875
18439,px4,OFFBOARD_ATTITUDE,20260411_021827_px4_attitude_alternating_pulse_train_throttle_r1,1.5499331093125879,1.5453228869401348,0.005302782119301667
18440,px4,OFFBOARD_ATTITUDE,20260411_021827_px4_attitude_alternating_pulse_train_throttle_r1,1.549890485413633,1.5448126808950808,0.005686761282426438
18441,px4,OFFBOARD_ATTITUDE,20260411_021827_px4_attitude_alternating_pulse_train_throttle_r1,1.5499650047911537,1.5444919861505957,0.006025323062677116
18442,px4,OFFBOARD_ATTITUDE,20260411_021827_px4_attitude_alternating_pulse_train_throttle_r1,1.5500320515262216,1.5444984911665434,0.006052671116301212
18443,px4,OFFBOARD_ATTITUDE,20260411_021827_px4_attitude_alternating_pulse_train_throttle_r1,1.5501252514619117,1.5446100032723729,0.0060339781986039065
18444,px4,OFFBOARD_ATTITUDE,20260411_021827_px4_attitude_alternating_pulse_train_throttle_r1,1.5502295693057702,1.5446928966682203,0.00611237269590708
18445,px4,OFFBOARD_ATTITUDE,20260411_021827_px4_attitude_alternating_pulse_train_throttle_r1,1.5504791325905902,1.5448200432379755,0.006140222373427625
18446,px4,OFFBOARD_ATTITUDE,20260411_021827_px4_attitude_alternating_pulse_train_throttle_r1,1.5506949577553601,1.5449575633954904,0.006329848861273875
18447,px4,OFFBOARD_ATTITUDE,20260411_021827_px4_attitude_alternating_pulse_train_throttle_r1,1.5508811970988472,1.5451995249217392,0.006212201466078334
18448,px4,OFFBOARD_ATTITUDE,20260411_021827_px4_attitude_alternating_pulse_train_throttle_r1,1.5509280215647512,1.5454168484751565,0.006005816937095714
18449,px4,OFFBOARD_ATTITUDE,20260411_021827_px4_attitude_alternating_pulse_train_throttle_r1,1.5509291564865924,1.545613793424365,0.00588668494426667
18450,px4,OFFBOARD_ATTITUDE,20260411_021827_px4_attitude_alternating_pulse_train_throttle_r1,1.5508418715951169,1.5455941634735262,0.0058845080886292065
18451,px4,OFFBOARD_ATTITUDE,20260411_021827_px4_attitude_alternating_pulse_train_throttle_r1,1.5505407389357095,1.5455350281677127,0.005557646633284486
18452,px4,OFFBOARD_ATTITUDE,20260411_021827_px4_attitude_alternating_pulse_train_throttle_r1,1.5503004167824608,1.5453986959025279,0.005496805516824674
18453,px4,OFFBOARD_ATTITUDE,20260411_021827_px4_attitude_alternating_pulse_train_throttle_r1,1.5500283231671474,1.5450419321575628,0.005527512575559173
18454,px4,OFFBOARD_ATTITUDE,20260411_021827_px4_attitude_alternating_pulse_train_throttle_r1,1.5497818643477148,1.5446620186748474,0.005630049856801015
18455,px4,OFFBOARD_ATTITUDE,20260411_021827_px4_attitude_alternating_pulse_train_throttle_r1,1.5494965500094908,1.5442751705291322,0.005720481437890143
18456,px4,OFFBOARD_ATTITUDE,20260411_021827_px4_attitude_alternating_pulse_train_throttle_r1,1.5492951189511228,1.5439623764797097,0.00589168964082567
18457,px4,OFFBOARD_ATTITUDE,20260411_021827_px4_attitude_alternating_pulse_train_throttle_r1,1.5491349228288205,1.543570309150797,0.006088366408043145
18458,px4,OFFBOARD_ATTITUDE,20260411_021827_px4_attitude_alternating_pulse_train_throttle_r1,1.5490152733062688,1.5433011557904968,0.0061854486207858425
18459,px4,OFFBOARD_ATTITUDE,20260411_021827_px4_attitude_alternating_pulse_train_throttle_r1,1.5488281782926832,1.543045222320598,0.006369368000056447
18460,px4,OFFBOARD_ATTITUDE,20260411_021827_px4_attitude_alternating_pulse_train_throttle_r1,1.548703964194473,1.5428969367253076,0.006335139610848059
18461,px4,OFFBOARD_ATTITUDE,20260411_021827_px4_attitude_alternating_pulse_train_throttle_r1,1.5486474660090095,1.5426916563930557,0.006448389469712713
18462,px4,OFFBOARD_ATTITUDE,20260411_021827_px4_attitude_alternating_pulse_train_throttle_r1,1.5485297692767224,1.5424670146028074,0.006514263961137078
18463,px4,OFFBOARD_ATTITUDE,20260411_021827_px4_attitude_alternating_pulse_train_throttle_r1,1.5483446715670872,1.5423560474211049,0.006629277960114326
18464,px4,OFFBOARD_ATTITUDE,20260411_021827_px4_attitude_alternating_pulse_train_throttle_r1,1.5481774021881212,1.5421228272445828,0.0073982753734187605
18465,px4,OFFBOARD_ATTITUDE,20260411_021827_px4_attitude_alternating_pulse_train_throttle_r1,1.5477801502573154,1.5417352954608963,0.0123428367723757
18466,px4,OFFBOARD_ATTITUDE,20260411_021827_px4_attitude_alternating_pulse_train_throttle_r1,1.547717783181365,1.5414163301215125,0.019630960603913453
18467,px4,OFFBOARD_ATTITUDE,20260411_021827_px4_attitude_alternating_pulse_train_throttle_r1,1.5478430606727838,1.5411483615836,0.016997688695448075
18468,px4,OFFBOARD_ATTITUDE,20260411_021827_px4_attitude_alternating_pulse_train_throttle_r1,1.5481337829299224,1.5416473705784712,0.012178442473510536
18469,px4,OFFBOARD_ATTITUDE,20260411_021827_px4_attitude_alternating_pulse_train_throttle_r1,1.5485102270424855,1.5423721680490494,0.010291065287398845
18470,px4,OFFBOARD_ATTITUDE,20260411_021827_px4_attitude_alternating_pulse_train_throttle_r1,1.549467977876412,1.543318682694583,0.008107914823242789
18471,px4,OFFBOARD_ATTITUDE,20260411_021827_px4_attitude_alternating_pulse_train_throttle_r1,1.5500148969233336,1.5446262054155393,0.006665503776471691
18472,px4,OFFBOARD_ATTITUDE,20260411_021827_px4_attitude_alternating_pulse_train_throttle_r1,1.550658821330818,1.546491719312382,0.005401933576423241
18473,px4,OFFBOARD_ATTITUDE,20260411_021827_px4_attitude_alternating_pulse_train_throttle_r1,1.5519497120225676,1.547720382430463,0.006265278948518895
18474,px4,OFFBOARD_ATTITUDE,20260411_021827_px4_attitude_alternating_pulse_train_throttle_r1,1.5534232257435467,1.5491113855772982,0.007364066648554036
18475,px4,OFFBOARD_ATTITUDE,20260411_021827_px4_attitude_alternating_pulse_train_throttle_r1,1.5546737194862867,1.55148448469663,0.005752455185733999
18476,px4,OFFBOARD_ATTITUDE,20260411_021827_px4_attitude_alternating_pulse_train_throttle_r1,1.5560640114753306,1.5533384671821724,0.005199944071061962
18477,px4,OFFBOARD_ATTITUDE,20260411_021827_px4_attitude_alternating_pulse_train_throttle_r1,1.5568574745844883,1.554786435094504,0.004439656727547389
18478,px4,OFFBOARD_ATTITUDE,20260411_021827_px4_attitude_alternating_pulse_train_throttle_r1,1.5578574811548693,1.5563243147993284,0.004092688024314236
18479,px4,OFFBOARD_ATTITUDE,20260411_021827_px4_attitude_alternating_pulse_train_throttle_r1,1.5593522783293219,1.5571728750724212,0.006035800179266834
18480,px4,OFFBOARD_ATTITUDE,20260411_021827_px4_attitude_alternating_pulse_train_throttle_r1,1.5603174666112452,1.5582070347625814,0.006782671367900135
18481,px4,OFFBOARD_ATTITUDE,20260411_021827_px4_attitude_alternating_pulse_train_throttle_r1,1.5611825073961871,1.559570969587504,0.006556398297635391
18482,px4,OFFBOARD_ATTITUDE,20260411_021827_px4_attitude_alternating_pulse_train_throttle_r1,1.561949870192721,1.5605505742824965,0.006742758763372125
18483,px4,OFFBOARD_ATTITUDE,20260411_021827_px4_attitude_alternating_pulse_train_throttle_r1,1.562600246753238,1.5615166523331379,0.006715191333860075
18484,px4,OFFBOARD_ATTITUDE,20260411_021827_px4_attitude_alternating_pulse_train_throttle_r1,1.5631800902070048,1.5622076339505668,0.006991712609613471
18485,px4,OFFBOARD_ATTITUDE,20260411_021827_px4_attitude_alternating_pulse_train_throttle_r1,1.5633903382131495,1.5628757389157755,0.00647338978971457
18486,px4,OFFBOARD_ATTITUDE,20260411_021827_px4_attitude_alternating_pulse_train_throttle_r1,1.563807484165447,1.5635234161472857,0.006754389952816991
18487,px4,OFFBOARD_ATTITUDE,20260411_021827_px4_attitude_alternating_pulse_train_throttle_r1,1.5641433749725187,1.5637944112940172,0.006864255795314229
18488,px4,OFFBOARD_ATTITUDE,20260411_021827_px4_attitude_alternating_pulse_train_throttle_r1,1.5643722044135664,1.5642857147539724,0.0062043460253372274
18489,px4,OFFBOARD_ATTITUDE,20260411_021827_px4_attitude_alternating_pulse_train_throttle_r1,1.5644955922973525,1.564652839001688,0.0060668476731265165
18490,px4,OFFBOARD_ATTITUDE,20260411_021827_px4_attitude_alternating_pulse_train_throttle_r1,1.5647893792733596,1.5649389353030925,0.005902746449129873
18491,px4,OFFBOARD_ATTITUDE,20260411_021827_px4_attitude_alternating_pulse_train_throttle_r1,1.5650557991149914,1.5650885038924636,0.006083314085387929
18492,px4,OFFBOARD_ATTITUDE,20260411_021827_px4_attitude_alternating_pulse_train_throttle_r1,1.5651779229444605,1.5654245736059031,0.006281248173178178
18493,px4,OFFBOARD_ATTITUDE,20260411_021827_px4_attitude_alternating_pulse_train_throttle_r1,1.5652273267128514,1.5657441057770194,0.00623032963596842
18494,px4,OFFBOARD_ATTITUDE,20260411_021827_px4_attitude_alternating_pulse_train_throttle_r1,1.565187862505098,1.5659478790295551,0.006113646839598578
18495,px4,OFFBOARD_ATTITUDE,20260411_021827_px4_attitude_alternating_pulse_train_throttle_r1,1.5652136798322953,1.5660842068876462,0.0054867996390783385
18496,px4,OFFBOARD_ATTITUDE,20260411_021827_px4_attitude_alternating_pulse_train_throttle_r1,1.565186553383348,1.5661431990503811,0.005051296314908827
18497,px4,OFFBOARD_ATTITUDE,20260411_021827_px4_attitude_alternating_pulse_train_throttle_r1,1.5655708115794071,1.5662889892563607,0.004117759915777689
18498,px4,OFFBOARD_ATTITUDE,20260411_021827_px4_attitude_alternating_pulse_train_throttle_r1,1.5658150193056728,1.5663028384089108,0.003734129440571807
18499,px4,OFFBOARD_ATTITUDE,20260411_021827_px4_attitude_alternating_pulse_train_throttle_r1,1.5660153429656312,1.5667626376842405,0.0040724780050961406
18500,px4,OFFBOARD_ATTITUDE,20260411_021827_px4_attitude_alternating_pulse_train_throttle_r1,1.5662589972171066,1.5670794315097298,0.0041422959601918165
18501,px4,OFFBOARD_ATTITUDE,20260411_021827_px4_attitude_alternating_pulse_train_throttle_r1,1.5663140041531434,1.5673247994579607,0.004288800807865438
18502,px4,OFFBOARD_ATTITUDE,20260411_021827_px4_attitude_alternating_pulse_train_throttle_r1,1.5662560106740289,1.567696286094328,0.004390370711417835
18503,px4,OFFBOARD_ATTITUDE,20260411_021827_px4_attitude_alternating_pulse_train_throttle_r1,1.566025460869647,1.5678284808321787,0.003938383770110273
18504,px4,OFFBOARD_ATTITUDE,20260411_021827_px4_attitude_alternating_pulse_train_throttle_r1,1.5659967222468127,1.5679177873802723,0.0035135769432103046
18505,px4,OFFBOARD_ATTITUDE,20260411_021827_px4_attitude_alternating_pulse_train_throttle_r1,1.5657854691547555,1.5679216354869334,0.003249829030146017
18506,px4,OFFBOARD_ATTITUDE,20260411_021827_px4_attitude_alternating_pulse_train_throttle_r1,1.565519472182748,1.5679492675743065,0.0030234047203319854
18507,px4,OFFBOARD_ATTITUDE,20260411_021827_px4_attitude_alternating_pulse_train_throttle_r1,1.56536563671619,1.5677656407019978,0.0027895682278002046
18508,px4,OFFBOARD_ATTITUDE,20260411_021827_px4_attitude_alternating_pulse_train_throttle_r1,1.5654712026728983,1.56750169745445,0.0023304108423375523
18509,px4,OFFBOARD_ATTITUDE,20260411_021827_px4_attitude_alternating_pulse_train_throttle_r1,1.565621344739002,1.5672849282477062,0.002709545387840749
18510,px4,OFFBOARD_ATTITUDE,20260411_021827_px4_attitude_alternating_pulse_train_throttle_r1,1.565792626063362,1.5673320802681316,0.003097123653544478
18511,px4,OFFBOARD_ATTITUDE,20260411_021827_px4_attitude_alternating_pulse_train_throttle_r1,1.5656733079403238,1.56727680713405,0.0027856971751803075
18512,px4,OFFBOARD_ATTITUDE,20260411_021827_px4_attitude_alternating_pulse_train_throttle_r1,1.5654079050383392,1.5673026084500499,0.0029870934159665504
18513,px4,OFFBOARD_ATTITUDE,20260411_021827_px4_attitude_alternating_pulse_train_throttle_r1,1.5649240031316913,1.5670232111449411,0.003788249388627619
18514,px4,OFFBOARD_ATTITUDE,20260411_021827_px4_attitude_alternating_pulse_train_throttle_r1,1.5645690141549393,1.566501373756082,0.004380330315587422
18515,px4,OFFBOARD_ATTITUDE,20260411_021827_px4_attitude_alternating_pulse_train_throttle_r1,1.5642650079793314,1.5656049784329669,0.0038767038204475467
18516,px4,OFFBOARD_ATTITUDE,20260411_021827_px4_attitude_alternating_pulse_train_throttle_r1,1.563679065066821,1.5648850047345368,0.004233357121020842
18517,px4,OFFBOARD_ATTITUDE,20260411_021827_px4_attitude_alternating_pulse_train_throttle_r1,1.563201681284591,1.5642068240978462,0.00464284343581258
18518,px4,OFFBOARD_ATTITUDE,20260411_021827_px4_attitude_alternating_pulse_train_throttle_r1,1.5627316678000784,1.5632460724689714,0.00421249643965201
18519,px4,OFFBOARD_ATTITUDE,20260411_021827_px4_attitude_alternating_pulse_train_throttle_r1,1.5621723174564464,1.5623122154979294,0.0037677140879851904
18520,px4,OFFBOARD_ATTITUDE,20260411_021827_px4_attitude_alternating_pulse_train_throttle_r1,1.5614356447575646,1.561129876856471,0.0037416005994809565
18521,px4,OFFBOARD_ATTITUDE,20260411_021827_px4_attitude_alternating_pulse_train_throttle_r1,1.5606991780939288,1.56012479864317,0.0038295439837372786
18522,px4,OFFBOARD_ATTITUDE,20260411_021827_px4_attitude_alternating_pulse_train_throttle_r1,1.5600412897796243,1.559009677166451,0.003652536105439667
18523,px4,OFFBOARD_ATTITUDE,20260411_021827_px4_attitude_alternating_pulse_train_throttle_r1,1.5593920870447764,1.5579115230737488,0.003736679342794411
18524,px4,OFFBOARD_ATTITUDE,20260411_021827_px4_attitude_alternating_pulse_train_throttle_r1,1.5590085916747116,1.5569746666827686,0.004014255957344214
18525,px4,OFFBOARD_ATTITUDE,20260411_021827_px4_attitude_alternating_pulse_train_throttle_r1,1.5587000630486043,1.5560939139681707,0.0043362534616982265
18526,px4,OFFBOARD_ATTITUDE,20260411_021827_px4_attitude_alternating_pulse_train_throttle_r1,1.5584742543673755,1.5552769235566615,0.0045702888009176825
18527,px4,OFFBOARD_ATTITUDE,20260411_021827_px4_attitude_alternating_pulse_train_throttle_r1,1.5582481392122431,1.554886421460795,0.0045030173978301904
18528,px4,OFFBOARD_ATTITUDE,20260411_021827_px4_attitude_alternating_pulse_train_throttle_r1,1.5582557918279332,1.55424375117593,0.004918120314992315
18529,px4,OFFBOARD_ATTITUDE,20260411_021827_px4_attitude_alternating_pulse_train_throttle_r1,1.5584934148355314,1.5535482095795103,0.005780407064519926
18530,px4,OFFBOARD_ATTITUDE,20260411_021827_px4_attitude_alternating_pulse_train_throttle_r1,1.558736417914665,1.5533117464904056,0.0063368091712962486
18531,px4,OFFBOARD_ATTITUDE,20260411_021827_px4_attitude_alternating_pulse_train_throttle_r1,1.558892561518755,1.55324007622673,0.0064077113369669465
18532,px4,OFFBOARD_ATTITUDE,20260411_021827_px4_attitude_alternating_pulse_train_throttle_r1,1.5592136300689863,1.5532170231384013,0.006695568470840341
18533,px4,OFFBOARD_ATTITUDE,20260411_021827_px4_attitude_alternating_pulse_train_throttle_r1,1.5594334752906762,1.5530824910212775,0.007121768360884259
18534,px4,OFFBOARD_ATTITUDE,20260411_021827_px4_attitude_alternating_pulse_train_throttle_r1,1.559640793184492,1.553032856381317,0.007534116702416745
18535,px4,OFFBOARD_ATTITUDE,20260411_021827_px4_attitude_alternating_pulse_train_throttle_r1,1.5597975012358616,1.553042191036558,0.007718389060472211
18536,px4,OFFBOARD_ATTITUDE,20260411_021827_px4_attitude_alternating_pulse_train_throttle_r1,1.5599023771459486,1.5530215440067816,0.007838015511657371
18537,px4,OFFBOARD_ATTITUDE,20260411_021827_px4_attitude_alternating_pulse_train_throttle_r1,1.5599795887783245,1.5530194549313057,0.007738966939887548
18538,px4,OFFBOARD_ATTITUDE,20260411_021827_px4_attitude_alternating_pulse_train_throttle_r1,1.5600792234937573,1.5530423931100859,0.007782461620979757
18539,px4,OFFBOARD_ATTITUDE,20260411_021827_px4_attitude_alternating_pulse_train_throttle_r1,1.5599762754732514,1.5530681937595505,0.007751413914278016
18540,px4,OFFBOARD_ATTITUDE,20260411_021827_px4_attitude_alternating_pulse_train_throttle_r1,1.5598707711713136,1.5531407739342862,0.007473705279820946
18541,px4,OFFBOARD_ATTITUDE,20260411_021827_px4_attitude_alternating_pulse_train_throttle_r1,1.5597358031134994,1.5529343080164546,0.007361458772370573
18542,px4,OFFBOARD_ATTITUDE,20260411_021827_px4_attitude_alternating_pulse_train_throttle_r1,1.559574949443199,1.552810577647097,0.007204601406720229
18543,px4,OFFBOARD_ATTITUDE,20260411_021827_px4_attitude_alternating_pulse_train_throttle_r1,1.5594236237897048,1.5525669864191987,0.007280579235286313
18544,px4,OFFBOARD_ATTITUDE,20260411_021827_px4_attitude_alternating_pulse_train_throttle_r1,1.5591650841340008,1.5523857730109247,0.007152463985489191
18545,px4,OFFBOARD_ATTITUDE,20260411_021827_px4_attitude_alternating_pulse_train_throttle_r1,1.558600576764112,1.5522064789532843,0.006753794558187326
18546,px4,OFFBOARD_ATTITUDE,20260411_021827_px4_attitude_alternating_pulse_train_throttle_r1,1.55815827407213,1.551807691525677,0.006803750412265598
18547,px4,OFFBOARD_ATTITUDE,20260411_021827_px4_attitude_alternating_pulse_train_throttle_r1,1.557778631211335,1.5512523245584788,0.006963897262818859
18548,px4,OFFBOARD_ATTITUDE,20260411_021827_px4_attitude_alternating_pulse_train_throttle_r1,1.5574337032507761,1.5504298468042568,0.007449998455991814
18549,px4,OFFBOARD_ATTITUDE,20260411_021827_px4_attitude_alternating_pulse_train_throttle_r1,1.5571504408218535,1.549812368708083,0.007858371855733189
18550,px4,OFFBOARD_ATTITUDE,20260411_021827_px4_attitude_alternating_pulse_train_throttle_r1,1.55690786673178,1.549172263990895,0.008375555058690006
18551,px4,OFFBOARD_ATTITUDE,20260411_021827_px4_attitude_alternating_pulse_train_throttle_r1,1.5566759996454407,1.548796362818759,0.008584129951310715
18552,px4,OFFBOARD_ATTITUDE,20260411_021827_px4_attitude_alternating_pulse_train_throttle_r1,1.5565781663305158,1.5484271139185342,0.008765428540432253
18553,px4,OFFBOARD_ATTITUDE,20260411_021827_px4_attitude_alternating_pulse_train_throttle_r1,1.5564220523556045,1.548171292732967,0.008703452544776894
18554,px4,OFFBOARD_ATTITUDE,20260411_021827_px4_attitude_alternating_pulse_train_throttle_r1,1.5562960257826366,1.5481034740480624,0.008598838300596889
18555,px4,OFFBOARD_ATTITUDE,20260411_021827_px4_attitude_alternating_pulse_train_throttle_r1,1.556202610377962,1.5479228998974839,0.008728598994033951
18556,px4,OFFBOARD_ATTITUDE,20260411_021827_px4_attitude_alternating_pulse_train_throttle_r1,1.5561585195001404,1.547792300191676,0.00882070417614766
18557,px4,OFFBOARD_ATTITUDE,20260411_021827_px4_attitude_alternating_pulse_train_throttle_r1,1.5561335557544642,1.5476498557581875,0.008822710539412392
18558,px4,OFFBOARD_ATTITUDE,20260411_021827_px4_attitude_alternating_pulse_train_throttle_r1,1.5561760679528112,1.5475779029015184,0.008839828805925676
18559,px4,OFFBOARD_ATTITUDE,20260411_021827_px4_attitude_alternating_pulse_train_throttle_r1,1.5561984435416247,1.5475345773495417,0.008911569133482036
18560,px4,OFFBOARD_ATTITUDE,20260411_021827_px4_attitude_alternating_pulse_train_throttle_r1,1.5563810214270524,1.5475450239130528,0.009041404057677095
18561,px4,OFFBOARD_ATTITUDE,20260411_021827_px4_attitude_alternating_pulse_train_throttle_r1,1.5566890505332225,1.5475531185570621,0.009356788052888245
18562,px4,OFFBOARD_ATTITUDE,20260411_021827_px4_attitude_alternating_pulse_train_throttle_r1,1.5570101860061492,1.5477408089446343,0.009452619822295583
18563,px4,OFFBOARD_ATTITUDE,20260411_021827_px4_attitude_alternating_pulse_train_throttle_r1,1.5573971761529355,1.548054947890422,0.009562361146265796
18564,px4,OFFBOARD_ATTITUDE,20260411_021827_px4_attitude_alternating_pulse_train_throttle_r1,1.5576741001315975,1.5484374424340375,0.009476234705131046
18565,px4,OFFBOARD_ATTITUDE,20260411_021827_px4_attitude_alternating_pulse_train_throttle_r1,1.5578984897311343,1.5488337648814698,0.009310291746050262
18566,px4,OFFBOARD_ATTITUDE,20260411_021827_px4_attitude_alternating_pulse_train_throttle_r1,1.5582391111232086,1.5491349795992209,0.009311999716851977
18567,px4,OFFBOARD_ATTITUDE,20260411_021827_px4_attitude_alternating_pulse_train_throttle_r1,1.5585669448004738,1.5494080075304912,0.009336129354212908
18568,px4,OFFBOARD_ATTITUDE,20260411_021827_px4_attitude_alternating_pulse_train_throttle_r1,1.5588304410044964,1.5497380079235263,0.009280704393545355
18569,px4,OFFBOARD_ATTITUDE,20260411_021827_px4_attitude_alternating_pulse_train_throttle_r1,1.55922321719575,1.549971366670593,0.009490417817119854
18570,px4,OFFBOARD_ATTITUDE,20260411_021827_px4_attitude_alternating_pulse_train_throttle_r1,1.5595680227108593,1.5501347250093673,0.009654812848986656
18571,px4,OFFBOARD_ATTITUDE,20260411_021827_px4_attitude_alternating_pulse_train_throttle_r1,1.5597390673904596,1.5503021666748418,0.00957270440507979
18572,px4,OFFBOARD_ATTITUDE,20260411_021827_px4_attitude_alternating_pulse_train_throttle_r1,1.5600707579016737,1.5506534765118567,0.009626597746297044
18573,px4,OFFBOARD_ATTITUDE,20260411_021827_px4_attitude_alternating_pulse_train_throttle_r1,1.560247720858952,1.5508709596490842,0.009687957575951525
18574,px4,OFFBOARD_ATTITUDE,20260411_021827_px4_attitude_alternating_pulse_train_throttle_r1,1.5602809586779425,1.551206072432468,0.009360880770503632
18575,px4,OFFBOARD_ATTITUDE,20260411_021827_px4_attitude_alternating_pulse_train_throttle_r1,1.5601962217756866,1.5513931634520346,0.009278372268328726
18576,px4,OFFBOARD_ATTITUDE,20260411_021827_px4_attitude_alternating_pulse_train_throttle_r1,1.5599747414960612,1.551434994313307,0.009041076648966358
18577,px4,OFFBOARD_ATTITUDE,20260411_021827_px4_attitude_alternating_pulse_train_throttle_r1,1.5596730428563073,1.5513970261333923,0.008790426993620391
18578,px4,OFFBOARD_ATTITUDE,20260411_021827_px4_attitude_alternating_pulse_train_throttle_r1,1.559391189951927,1.5511914222993146,0.008768691003147033
18579,px4,OFFBOARD_ATTITUDE,20260411_021827_px4_attitude_alternating_pulse_train_throttle_r1,1.559241482254845,1.5509268653769537,0.008831681881917361
18580,px4,OFFBOARD_ATTITUDE,20260411_021827_px4_attitude_alternating_pulse_train_throttle_r1,1.5590592694965364,1.5506896921722584,0.008864530888377044
18581,px4,OFFBOARD_ATTITUDE,20260411_021827_px4_attitude_alternating_pulse_train_throttle_r1,1.5588502619836082,1.5505526289393878,0.008864171874460057
18582,px4,OFFBOARD_ATTITUDE,20260411_021827_px4_attitude_alternating_pulse_train_throttle_r1,1.5581542640717454,1.5504507540693369,0.008192907184601065
18583,px4,OFFBOARD_ATTITUDE,20260411_021827_px4_attitude_alternating_pulse_train_throttle_r1,1.5544469586347283,1.5460395736642394,0.008784476917968262
18584,px4,OFFBOARD_ATTITUDE,20260411_021827_px4_attitude_alternating_pulse_train_throttle_r1,1.5492130141572071,1.5455078169257717,0.005790727781369775
18585,px4,OFFBOARD_ATTITUDE,20260411_021827_px4_attitude_alternating_pulse_train_throttle_r1,1.540027399458661,1.54188149541205,0.005416852817046021
18586,px4,OFFBOARD_ATTITUDE,20260411_021827_px4_attitude_alternating_pulse_train_throttle_r1,1.5328079095530458,1.5362662309741575,0.004963706439421845
18587,px4,OFFBOARD_ATTITUDE,20260411_021827_px4_attitude_alternating_pulse_train_throttle_r1,1.5216983705530043,1.5278689103682428,0.007255430919795062
18588,px4,OFFBOARD_ATTITUDE,20260411_021827_px4_attitude_alternating_pulse_train_throttle_r1,1.5136091555345343,1.5208253135894814,0.009158124522352278
18589,px4,OFFBOARD_ATTITUDE,20260411_021827_px4_attitude_alternating_pulse_train_throttle_r1,1.5062249465676711,1.5105824436368656,0.006317585883773502
18590,px4,OFFBOARD_ATTITUDE,20260411_021827_px4_attitude_alternating_pulse_train_throttle_r1,1.4969634132034326,1.5022988214108854,0.006179203918039538
18591,px4,OFFBOARD_ATTITUDE,20260411_021827_px4_attitude_alternating_pulse_train_throttle_r1,1.4801418952159502,1.4946980192858155,0.015249760769737834
18592,px4,OFFBOARD_ATTITUDE,20260411_021827_px4_attitude_alternating_pulse_train_throttle_r1,1.4391385945091868,1.4853732798456685,0.04892071258644968
18593,px4,OFFBOARD_ATTITUDE,20260411_021827_px4_attitude_alternating_pulse_train_throttle_r1,1.405156215598894,1.4673071894069605,0.06496548594359518
18594,px4,OFFBOARD_ATTITUDE,20260411_021827_px4_attitude_alternating_pulse_train_throttle_r1,1.3542456472192947,1.420999293931819,0.06895260649696147
18595,px4,OFFBOARD_ATTITUDE,20260411_021827_px4_attitude_alternating_pulse_train_throttle_r1,1.2991305186584576,1.387256820519508,0.08977113426358502
18596,px4,OFFBOARD_ATTITUDE,20260411_021827_px4_attitude_alternating_pulse_train_throttle_r1,1.2152150828894606,1.3303823900621932,0.11630899060431338
18597,px4,OFFBOARD_ATTITUDE,20260411_021827_px4_attitude_alternating_pulse_train_throttle_r1,1.1342701503577504,1.2725766586192664,0.13899272153030562
18598,px4,OFFBOARD_ATTITUDE,20260411_021827_px4_attitude_alternating_pulse_train_throttle_r1,1.0472177863262324,1.1991008597223012,0.15211880989460175
18599,px4,OFFBOARD_ATTITUDE,20260411_021827_px4_attitude_alternating_pulse_train_throttle_r1,0.9719138284902978,1.1132493814707711,0.1414152986060424
18600,px4,OFFBOARD_ATTITUDE,20260411_021827_px4_attitude_alternating_pulse_train_throttle_r1,0.8864746591236496,1.032179701788309,0.14578150329869474
18601,px4,OFFBOARD_ATTITUDE,20260411_021827_px4_attitude_alternating_pulse_train_throttle_r1,0.8080796110001358,0.953301440599023,0.1453988947615762
18602,px4,OFFBOARD_ATTITUDE,20260411_021827_px4_attitude_alternating_pulse_train_throttle_r1,0.7020510839511375,0.8586847599637928,0.15701703181727303
18603,px4,OFFBOARD_ATTITUDE,20260411_021827_px4_attitude_alternating_pulse_train_throttle_r1,0.6146449459168886,0.7722007086423133,0.15809500054172215
18604,px4,OFFBOARD_ATTITUDE,20260411_021827_px4_attitude_alternating_pulse_train_throttle_r1,0.5124720358226014,0.6677253412407248,0.15591015346009146
18605,px4,OFFBOARD_ATTITUDE,20260411_021827_px4_attitude_alternating_pulse_train_throttle_r1,0.3722784325962105,0.5853755560459004,0.21407234702376876
18606,px4,OFFBOARD_ATTITUDE,20260411_021827_px4_attitude_alternating_pulse_train_throttle_r1,0.2798978078685269,0.49022425047346513,0.211519447029295
18607,px4,OFFBOARD_ATTITUDE,20260411_021827_px4_attitude_alternating_pulse_train_throttle_r1,0.23061609658438076,0.3604871428681351,0.13104834132352983
18608,px4,OFFBOARD_ATTITUDE,20260411_021827_px4_attitude_alternating_pulse_train_throttle_r1,0.15274593177894943,0.2822243095912627,0.13127924078634443
18609,px4,OFFBOARD_ATTITUDE,20260411_021827_px4_attitude_alternating_pulse_train_throttle_r1,0.0841958458810893,0.23808058855910033,0.15765930106048884
18610,px4,OFFBOARD_ATTITUDE,20260411_021827_px4_attitude_alternating_pulse_train_throttle_r1,0.029049256701131954,0.17081676064126267,0.16055102239816021
18611,px4,OFFBOARD_ATTITUDE,20260411_021827_px4_attitude_alternating_pulse_train_throttle_r1,0.03263060573550599,0.10076414520384862,0.1149727106420056
18612,px4,OFFBOARD_ATTITUDE,20260411_021827_px4_attitude_alternating_pulse_train_throttle_r1,0.7898717586572577,0.04590236547719603,0.7530125846431294
18613,px4,OFFBOARD_ATTITUDE,20260411_021827_px4_attitude_alternating_pulse_train_throttle_r1,0.7577665149617778,0.028870326324727608,0.7661499451186441
18614,px4,OFFBOARD_ATTITUDE,20260411_021827_px4_attitude_alternating_pulse_train_throttle_r1,0.7256962945709559,0.804732696788163,0.07940520235983758
18615,px4,OFFBOARD_ATTITUDE,20260411_021827_px4_attitude_alternating_pulse_train_throttle_r1,0.6345031702765564,0.771331516908301,0.1375230951227079
18616,px4,OFFBOARD_ATTITUDE,20260411_021827_px4_attitude_alternating_pulse_train_throttle_r1,0.5605548908030767,0.7356622436454447,0.1758845491330393
18617,px4,OFFBOARD_ATTITUDE,20260411_021827_px4_attitude_alternating_pulse_train_throttle_r1,0.4457568112168164,0.6512214862253598,0.2060877648694466
18618,px4,OFFBOARD_ATTITUDE,20260411_021827_px4_attitude_alternating_pulse_train_throttle_r1,0.35842607124230236,0.5697748570811656,0.2117646220621542
18619,px4,OFFBOARD_ATTITUDE,20260411_021827_px4_attitude_alternating_pulse_train_throttle_r1,0.27551993069360775,0.4456025030812792,0.170290158757588
18620,px4,OFFBOARD_ATTITUDE,20260411_021827_px4_attitude_alternating_pulse_train_throttle_r1,0.22793051425319139,0.35560226397656614,0.12783272528175366
18621,px4,OFFBOARD_ATTITUDE,20260411_021827_px4_attitude_alternating_pulse_train_throttle_r1,0.1249617758574518,0.2703197995916558,0.14547983548148147
18622,px4,OFFBOARD_ATTITUDE,20260411_021827_px4_attitude_alternating_pulse_train_throttle_r1,0.053941839015987154,0.22160173044296638,0.1698603649521727
18623,px4,OFFBOARD_ATTITUDE,20260411_021827_px4_attitude_alternating_pulse_train_throttle_r1,0.06574790459957583,0.1503057236926813,0.16361793517813136
18624,px4,OFFBOARD_ATTITUDE,20260411_021827_px4_attitude_alternating_pulse_train_throttle_r1,0.19813615244668356,0.08028429523750191,0.22256425707795013
18625,px4,OFFBOARD_ATTITUDE,20260411_021827_px4_attitude_alternating_pulse_train_throttle_r1,0.186819797265657,0.07069984977000816,0.15722811724485006
18626,px4,OFFBOARD_ATTITUDE,20260411_021827_px4_attitude_alternating_pulse_train_throttle_r1,0.16299748524291124,0.2132112130687167,0.19348974278906278
18627,px4,OFFBOARD_ATTITUDE,20260411_021827_px4_attitude_alternating_pulse_train_throttle_r1,0.17841881134493703,0.20433123754569588,0.18539648455736218
18628,px4,OFFBOARD_ATTITUDE,20260411_021827_px4_attitude_alternating_pulse_train_throttle_r1,0.213847874770915,0.177089884459841,0.1267754534273709
18629,px4,OFFBOARD_ATTITUDE,20260411_021827_px4_attitude_alternating_pulse_train_throttle_r1,0.23485795549834518,0.211895195963628,0.09241901413002304
18630,px4,OFFBOARD_ATTITUDE,20260411_021827_px4_attitude_alternating_pulse_train_throttle_r1,0.2477263350620061,0.2524046394525768,0.07502034419855728
18631,px4,OFFBOARD_ATTITUDE,20260411_021827_px4_attitude_alternating_pulse_train_throttle_r1,0.250780250928072,0.2743658554266296,0.07366914684148736
18632,px4,OFFBOARD_ATTITUDE,20260411_021827_px4_attitude_alternating_pulse_train_throttle_r1,0.24435683937141567,0.288758705154598,0.08126324439978017
18633,px4,OFFBOARD_ATTITUDE,20260411_021827_px4_attitude_alternating_pulse_train_throttle_r1,0.23336439399652129,0.2910572814569417,0.08198437754064622
18634,px4,OFFBOARD_ATTITUDE,20260411_021827_px4_attitude_alternating_pulse_train_throttle_r1,0.22358266876490926,0.2834919549856918,0.07768136739501884
18635,px4,OFFBOARD_ATTITUDE,20260411_021827_px4_attitude_alternating_pulse_train_throttle_r1,0.21123649135679265,0.2696386736772038,0.07022583353780208
18636,px4,OFFBOARD_ATTITUDE,20260411_021827_px4_attitude_alternating_pulse_train_throttle_r1,0.19804993059249396,0.2585596360634955,0.07459610483094628
18637,px4,OFFBOARD_ATTITUDE,20260411_021827_px4_attitude_alternating_pulse_train_throttle_r1,0.1813350013163146,0.2434932488159417,0.07847336572345978
18638,px4,OFFBOARD_ATTITUDE,20260411_021827_px4_attitude_alternating_pulse_train_throttle_r1,0.1548443334257567,0.23217430906114853,0.09063680181811692
18639,px4,OFFBOARD_ATTITUDE,20260411_021827_px4_attitude_alternating_pulse_train_throttle_r1,0.13416113630033183,0.21411441543450083,0.09025733426626316
18640,px4,OFFBOARD_ATTITUDE,20260411_021827_px4_attitude_alternating_pulse_train_throttle_r1,0.11465136870101687,0.19256063883524244,0.08635618671560566
18641,px4,OFFBOARD_ATTITUDE,20260411_021827_px4_attitude_alternating_pulse_train_throttle_r1,0.08722146852511854,0.16289279680954422,0.08297078734150128
18642,px4,OFFBOARD_ATTITUDE,20260411_021827_px4_attitude_alternating_pulse_train_throttle_r1,0.06402192137282318,0.14412989900449422,0.08614772450706933
18643,px4,OFFBOARD_ATTITUDE,20260411_021827_px4_attitude_alternating_pulse_train_throttle_r1,0.046453099079693284,0.13440939956568496,0.09358850033666516
18644,px4,OFFBOARD_ATTITUDE,20260411_021827_px4_attitude_alternating_pulse_train_throttle_r1,0.02627844380240329,0.10462218774060852,0.08262375306379441
18645,px4,OFFBOARD_ATTITUDE,20260411_021827_px4_attitude_alternating_pulse_train_throttle_r1,0.014733232397818707,0.08357864749233808,0.08220821283875233
18646,px4,OFFBOARD_ATTITUDE,20260411_021827_px4_attitude_alternating_pulse_train_throttle_r1,0.020774888769818457,0.057349363576038766,0.07340307849372521
18647,px4,OFFBOARD_ATTITUDE,20260411_021827_px4_attitude_alternating_pulse_train_throttle_r1,0.03738559847551394,0.03141096182052589,0.06439810975710937
18648,px4,OFFBOARD_ATTITUDE,20260411_021827_px4_attitude_alternating_pulse_train_throttle_r1,0.047624897320229155,0.014204606925488278,0.05729443229826972
18649,px4,OFFBOARD_ATTITUDE,20260411_021827_px4_attitude_alternating_pulse_train_throttle_r1,0.06046332640889455,0.01985387034231527,0.044613655369658535
18650,px4,OFFBOARD_ATTITUDE,20260411_021827_px4_attitude_alternating_pulse_train_throttle_r1,0.06723479255749275,0.04986674726468091,0.021880051380815856
18651,px4,OFFBOARD_ATTITUDE,20260411_021827_px4_attitude_alternating_pulse_train_throttle_r1,0.0758912182937121,0.06515250328496622,0.02342249789811296
18652,px4,OFFBOARD_ATTITUDE,20260411_021827_px4_attitude_alternating_pulse_train_throttle_r1,0.08431261184362294,0.07478554237554633,0.024960821918792276
18653,px4,OFFBOARD_ATTITUDE,20260411_021827_px4_attitude_alternating_pulse_train_throttle_r1,0.08714707314100453,0.08060681848040767,0.01902438173152636
18654,px4,OFFBOARD_ATTITUDE,20260411_021827_px4_attitude_alternating_pulse_train_throttle_r1,0.08972572744662148,0.08581124974420755,0.015762630120930543
18655,px4,OFFBOARD_ATTITUDE,20260411_021827_px4_attitude_alternating_pulse_train_throttle_r1,0.09163526889047421,0.08726035255809536,0.014641745926698549
18656,px4,OFFBOARD_ATTITUDE,20260411_021827_px4_attitude_alternating_pulse_train_throttle_r1,0.09292503668647258,0.08795029786056534,0.013137680540627679
18657,px4,OFFBOARD_ATTITUDE,20260411_021827_px4_attitude_alternating_pulse_train_throttle_r1,0.0937160039512954,0.08747546309314487,0.013075966631632092
18658,px4,OFFBOARD_ATTITUDE,20260411_021827_px4_attitude_alternating_pulse_train_throttle_r1,0.0948579156199,0.08731198087503705,0.01821488845018674
18659,px4,OFFBOARD_ATTITUDE,20260411_021827_px4_attitude_alternating_pulse_train_throttle_r1,0.095538145461195,0.08685353537381117,0.02386991029348562
18660,px4,OFFBOARD_ATTITUDE,20260411_021827_px4_attitude_alternating_pulse_train_throttle_r1,0.09517636761667694,0.09009333862321553,0.02820824897188065
18661,px4,OFFBOARD_ATTITUDE,20260411_021827_px4_attitude_alternating_pulse_train_throttle_r1,0.09524432113820909,0.09284929389652202,0.03626016553606628
18662,px4,OFFBOARD_ATTITUDE,20260411_021827_px4_attitude_alternating_pulse_train_throttle_r1,0.09396665454502924,0.0943096364278941,0.04171664383981639
18663,px4,OFFBOARD_ATTITUDE,20260411_021827_px4_attitude_alternating_pulse_train_throttle_r1,0.09229163464940071,0.10589589902347285,0.04639091888167393
18664,px4,OFFBOARD_ATTITUDE,20260411_021827_px4_attitude_alternating_pulse_train_throttle_r1,0.08802321261402148,0.10281964349361689,0.04707407700927564
18665,px4,OFFBOARD_ATTITUDE,20260411_021827_px4_attitude_alternating_pulse_train_throttle_r1,0.08371449001628667,0.10206733209598001,0.052308306859271854
18666,px4,OFFBOARD_ATTITUDE,20260411_021827_px4_attitude_alternating_pulse_train_throttle_r1,0.07972013886303574,0.09718499131315646,0.054159150970215515
18667,px4,OFFBOARD_ATTITUDE,20260411_021827_px4_attitude_alternating_pulse_train_throttle_r1,0.07301296937055078,0.09104357790330928,0.05307267255164953
18668,px4,OFFBOARD_ATTITUDE,20260411_021827_px4_attitude_alternating_pulse_train_throttle_r1,0.06715820747588873,0.08717472886455216,0.05458772561748001
18669,px4,OFFBOARD_ATTITUDE,20260411_021827_px4_attitude_alternating_pulse_train_throttle_r1,0.06068857456887592,0.07204088536044156,0.05751200087751328
18670,px4,OFFBOARD_ATTITUDE,20260411_021827_px4_attitude_alternating_pulse_train_throttle_r1,0.05233907531407074,0.06508772247790827,0.0565593369725633
18671,px4,OFFBOARD_ATTITUDE,20260411_021827_px4_attitude_alternating_pulse_train_throttle_r1,0.04453990019984869,0.060752992602162874,0.056411500988587354
18672,px4,OFFBOARD_ATTITUDE,20260411_021827_px4_attitude_alternating_pulse_train_throttle_r1,0.03829289786094463,0.05061545596881614,0.051135405935773495
18673,px4,OFFBOARD_ATTITUDE,20260411_021827_px4_attitude_alternating_pulse_train_throttle_r1,0.033838391625183026,0.03884098105272715,0.04577353872411641
18674,px4,OFFBOARD_ATTITUDE,20260411_021827_px4_attitude_alternating_pulse_train_throttle_r1,0.03178637653006045,0.031496480372741324,0.044718950373885166
18675,px4,OFFBOARD_ATTITUDE,20260411_021827_px4_attitude_alternating_pulse_train_throttle_r1,0.027887393391634423,0.025439642051391365,0.04107914208308396
18676,px4,OFFBOARD_ATTITUDE,20260411_021827_px4_attitude_alternating_pulse_train_throttle_r1,0.02372656709555032,0.020625962773916526,0.03741479338820006
18677,px4,OFFBOARD_ATTITUDE,20260411_021827_px4_attitude_alternating_pulse_train_throttle_r1,0.019881548364106872,0.02143364057229952,0.03700457388480073
18678,px4,OFFBOARD_ATTITUDE,20260411_021827_px4_attitude_alternating_pulse_train_throttle_r1,0.017370229511601585,0.023711584912462755,0.03685893544127027
18679,px4,OFFBOARD_ATTITUDE,20260411_021827_px4_attitude_alternating_pulse_train_throttle_r1,0.014935975785425389,0.027222501245944896,0.037005382109619844
18680,px4,OFFBOARD_ATTITUDE,20260411_021827_px4_attitude_alternating_pulse_train_throttle_r1,0.012695260032262424,0.02733632330416611,0.035875693685313494
18681,px4,OFFBOARD_ATTITUDE,20260411_021827_px4_attitude_alternating_pulse_train_throttle_r1,0.01140969236418076,0.027334841319993947,0.035405298449430564
18682,px4,OFFBOARD_ATTITUDE,20260411_021827_px4_attitude_alternating_pulse_train_throttle_r1,0.009621347136066676,0.04101151351146233,0.048700765332259546
18683,px4,OFFBOARD_ATTITUDE,20260411_021827_px4_attitude_alternating_pulse_train_throttle_r1,0.012755473728552142,0.040179706702864755,0.04926770463361813
18684,px4,OFFBOARD_ATTITUDE,20260411_021827_px4_attitude_alternating_pulse_train_throttle_r1,0.018449550685013607,0.03456928405068292,0.04615300832245692
18685,px4,OFFBOARD_ATTITUDE,20260411_021827_px4_attitude_alternating_pulse_train_throttle_r1,0.022174991759434215,0.029231630224622492,0.04170957007051574
18686,px4,OFFBOARD_ATTITUDE,20260411_021827_px4_attitude_alternating_pulse_train_throttle_r1,0.0248971821970879,0.022747228088673417,0.03624767464286333
18687,px4,OFFBOARD_ATTITUDE,20260411_021827_px4_attitude_alternating_pulse_train_throttle_r1,0.026493967450488227,0.018262317667443555,0.03227990545229408
18688,px4,OFFBOARD_ATTITUDE,20260411_021827_px4_attitude_alternating_pulse_train_throttle_r1,0.026278455111601776,0.017467396153336177,0.029586284832878125
18689,px4,OFFBOARD_ATTITUDE,20260411_021827_px4_attitude_alternating_pulse_train_throttle_r1,0.02564034755535,0.018598958593200283,0.024215846278397613
18690,px4,OFFBOARD_ATTITUDE,20260411_021827_px4_attitude_alternating_pulse_train_throttle_r1,0.022210785625292027,0.020146104096847566,0.020639960665291376
18691,px4,OFFBOARD_ATTITUDE,20260411_021827_px4_attitude_alternating_pulse_train_throttle_r1,0.022857900445738922,0.019318582965634813,0.01918067396702741
18692,px4,OFFBOARD_ATTITUDE,20260411_021827_px4_attitude_alternating_pulse_train_throttle_r1,0.024395291723208232,0.01715182350114428,0.017861236826180838
18693,px4,OFFBOARD_ATTITUDE,20260411_021827_px4_attitude_alternating_pulse_train_throttle_r1,0.023601215805435435,0.01899592561521443,0.014361287472407619
18694,px4,OFFBOARD_ATTITUDE,20260411_021827_px4_attitude_alternating_pulse_train_throttle_r1,0.022285924696000402,0.020051428924898227,0.01206106035475135
18695,px4,OFFBOARD_ATTITUDE,20260411_021827_px4_attitude_alternating_pulse_train_throttle_r1,0.021286399790031503,0.01921406816536362,0.009751204716997142
18696,px4,OFFBOARD_ATTITUDE,20260411_021827_px4_attitude_alternating_pulse_train_throttle_r1,0.02860235332045589,0.0181998786771369,0.014067551802602024
18697,px4,OFFBOARD_ATTITUDE,20260411_021827_px4_attitude_alternating_pulse_train_throttle_r1,0.03152916890366675,0.017729489543556465,0.018751871353661395
18698,px4,OFFBOARD_ATTITUDE,20260411_021827_px4_attitude_alternating_pulse_train_throttle_r1,0.03003383033813463,0.02259854962515826,0.01849103424168059
18699,px4,OFFBOARD_ATTITUDE,20260411_021827_px4_attitude_alternating_pulse_train_throttle_r1,0.02762845783292072,0.02420969984420047,0.02275399176724841
18700,px4,OFFBOARD_ATTITUDE,20260411_021827_px4_attitude_alternating_pulse_train_throttle_r1,0.021263892600475346,0.02262151737288887,0.020866855223232554
18701,px4,OFFBOARD_ATTITUDE,20260411_021827_px4_attitude_alternating_pulse_train_throttle_r1,0.0166853041817563,0.020727674066512155,0.01722698483578903
18702,px4,OFFBOARD_ATTITUDE,20260411_021827_px4_attitude_alternating_pulse_train_throttle_r1,0.014065818347057253,0.014851582003417704,0.01518220222978151
18703,px4,OFFBOARD_ATTITUDE,20260411_021827_px4_attitude_alternating_pulse_train_throttle_r1,0.017438157069181257,0.012544270073932292,0.01562908617906928
18704,px4,OFFBOARD_ATTITUDE,20260411_021827_px4_attitude_alternating_pulse_train_throttle_r1,0.019901186647995617,0.014701867715772554,0.01999026578874839
18705,px4,OFFBOARD_ATTITUDE,20260411_021827_px4_attitude_alternating_pulse_train_throttle_r1,0.018287492420004867,0.01999106383202159,0.021966795670679686
18706,px4,OFFBOARD_ATTITUDE,20260411_021827_px4_attitude_alternating_pulse_train_throttle_r1,0.015441179505009109,0.023927370638947756,0.026078191829596677
18707,px4,OFFBOARD_ATTITUDE,20260411_021827_px4_attitude_alternating_pulse_train_throttle_r1,0.01422031679734368,0.026166015005863307,0.030015137502687413
18708,px4,OFFBOARD_ATTITUDE,20260411_021827_px4_attitude_alternating_pulse_train_throttle_r1,0.010775435263635301,0.0263839118489419,0.0316846433364515
18709,px4,OFFBOARD_ATTITUDE,20260411_021827_px4_attitude_alternating_pulse_train_throttle_r1,0.009145781293262871,0.02652759296295033,0.03319563855855553
18710,px4,OFFBOARD_ATTITUDE,20260411_021827_px4_attitude_alternating_pulse_train_throttle_r1,0.00911620970741052,0.023480898856967462,0.03149440558115207
18711,px4,OFFBOARD_ATTITUDE,20260411_021827_px4_attitude_alternating_pulse_train_throttle_r1,0.00818218000142148,0.022044241663581432,0.02882109130615525
18712,px4,OFFBOARD_ATTITUDE,20260411_021827_px4_attitude_alternating_pulse_train_throttle_r1,0.010381914844539599,0.02214054878520414,0.0289951829036439
18713,px4,OFFBOARD_ATTITUDE,20260411_021827_px4_attitude_alternating_pulse_train_throttle_r1,0.013349313330285908,0.024537628675288272,0.030443461149604667
18714,px4,OFFBOARD_ATTITUDE,20260411_021827_px4_attitude_alternating_pulse_train_throttle_r1,0.0218170914229174,0.02731959554871623,0.03357471480632133
18715,px4,OFFBOARD_ATTITUDE,20260411_021827_px4_attitude_alternating_pulse_train_throttle_r1,0.022386055607538737,0.03081830367162884,0.03543136836780693
18716,px4,OFFBOARD_ATTITUDE,20260411_021827_px4_attitude_alternating_pulse_train_throttle_r1,0.01907565487446573,0.04018318579387906,0.04144996062319228
18717,px4,OFFBOARD_ATTITUDE,20260411_021827_px4_attitude_alternating_pulse_train_throttle_r1,0.01662265037119369,0.041573074379819934,0.04475087227058813
18718,px4,OFFBOARD_ATTITUDE,20260411_021827_px4_attitude_alternating_pulse_train_throttle_r1,0.024225800700694886,0.03862139164671014,0.04403601305202568
18719,px4,OFFBOARD_ATTITUDE,20260411_021827_px4_attitude_alternating_pulse_train_throttle_r1,0.02753329148582126,0.03312015910533185,0.03971251872349024
18720,px4,OFFBOARD_ATTITUDE,20260411_021827_px4_attitude_alternating_pulse_train_throttle_r1,0.02803502408052466,0.034554794171111354,0.03736179610284308
18721,px4,OFFBOARD_ATTITUDE,20260411_021827_px4_attitude_alternating_pulse_train_throttle_r1,0.025213294421273406,0.0368301652464174,0.03720989465745698
18722,px4,OFFBOARD_ATTITUDE,20260411_021827_px4_attitude_alternating_pulse_train_throttle_r1,0.023038156300245766,0.03616101998545144,0.03691539393192821
18723,px4,OFFBOARD_ATTITUDE,20260411_021827_px4_attitude_alternating_pulse_train_throttle_r1,0.02388370213792715,0.03371847177727828,0.03670942704790651
18724,px4,OFFBOARD_ATTITUDE,20260411_021827_px4_attitude_alternating_pulse_train_throttle_r1,0.02130933153254607,0.030938379506190033,0.035576019743758
18725,px4,OFFBOARD_ATTITUDE,20260411_021827_px4_attitude_alternating_pulse_train_throttle_r1,0.021105882443790944,0.030244180044645134,0.03511977941153037
18726,px4,OFFBOARD_ATTITUDE,20260411_021827_px4_attitude_alternating_pulse_train_throttle_r1,0.019374134381741254,0.028611601052648695,0.03442679463678519
18727,px4,OFFBOARD_ATTITUDE,20260411_021827_px4_attitude_alternating_pulse_train_throttle_r1,0.0222047394907959,0.028164517474637336,0.03502725869317154
18728,px4,OFFBOARD_ATTITUDE,20260411_021827_px4_attitude_alternating_pulse_train_throttle_r1,0.09190192447683987,0.028456299460082844,0.09493912859515144
18729,px4,OFFBOARD_ATTITUDE,20260411_021827_px4_attitude_alternating_pulse_train_throttle_r1,0.14473196745369607,0.03365828826472328,0.13176755956016328
18730,px4,OFFBOARD_ATTITUDE,20260411_021827_px4_attitude_alternating_pulse_train_throttle_r1,0.18105319299519826,0.12118544824794063,0.068802054866984
18731,px4,OFFBOARD_ATTITUDE,20260411_021827_px4_attitude_alternating_pulse_train_throttle_r1,0.18334393179917555,0.1858958541397658,0.06252126746040468
18732,px4,OFFBOARD_ATTITUDE,20260411_021827_px4_attitude_alternating_pulse_train_throttle_r1,0.1923071760700645,0.22556273568347027,0.08766504730436088
18733,px4,OFFBOARD_ATTITUDE,20260411_021827_px4_attitude_alternating_pulse_train_throttle_r1,0.20693618398126357,0.19562541139321657,0.056440176766835534
18734,px4,OFFBOARD_ATTITUDE,20260411_021827_px4_attitude_alternating_pulse_train_throttle_r1,0.2072924973565472,0.18204068659747877,0.043656792994216126
18735,px4,OFFBOARD_ATTITUDE,20260411_021827_px4_attitude_alternating_pulse_train_throttle_r1,0.3651947798621331,0.1825268078603906,0.2204460462022314
18736,px4,OFFBOARD_ATTITUDE,20260411_021827_px4_attitude_alternating_pulse_train_throttle_r1,0.6424645948593714,0.20924326498619628,0.4494536616285707
18737,px4,OFFBOARD_ATTITUDE,20260411_021827_px4_attitude_alternating_pulse_train_throttle_r1,0.919927043340638,0.4083263917284752,0.5165008388723301
18738,px4,OFFBOARD_ATTITUDE,20260411_021827_px4_attitude_alternating_pulse_train_throttle_r1,1.165637100156651,0.7610851256254568,0.40794717169474
18739,px4,OFFBOARD_ATTITUDE,20260411_021827_px4_attitude_alternating_pulse_train_throttle_r1,1.4305162958835616,1.096430768606264,0.3367979526479997
18740,px4,OFFBOARD_ATTITUDE,20260411_021827_px4_attitude_alternating_pulse_train_throttle_r1,1.6653693283217548,1.3625157699210035,0.30431982368940413
